  -10.000000000000000        103.00000000000000     
  -9.9799799799799800        102.60000040080121     
  -9.9599599599599600        102.20080240400561     
  -9.9399399399399400        101.80240600961322     
  -9.9199199199199199        101.40481121762403     
  -9.8998998998998999        101.00801802803805     
  -9.8798798798798799        100.61202644085527     
  -9.8598598598598599        100.21683645607570     
  -9.8398398398398399        99.822448073699320     
  -9.8198198198198199        99.428861293726158     
  -9.7997997997997999        99.036076116156195     
  -9.7797797797797799        98.644092540989433     
  -9.7597597597597598        98.252910568225886     
  -9.7397397397397398        97.862530197865539     
  -9.7197197197197198        97.472951429908392     
  -9.6996996996996998        97.084174264354445     
  -9.6796796796796798        96.696198701203713     
  -9.6596596596596598        96.309024740456181     
  -9.6396396396396398        95.922652382111849     
  -9.6196196196196198        95.537081626170718     
  -9.5995995995995997        95.152312472632801     
  -9.5795795795795797        94.768344921498084     
  -9.5595595595595597        94.385178972766568     
  -9.5395395395395397        94.002814626438251     
  -9.5195195195195197        93.621251882513150     
  -9.4994994994994997        93.240490740991248     
  -9.4794794794794797        92.860531201872547     
  -9.4594594594594597        92.481373265157046     
  -9.4394394394394396        92.103016930844760     
  -9.4194194194194196        91.725462198935674     
  -9.3993993993993996        91.348709069429788     
  -9.3793793793793796        90.972757542327116     
  -9.3593593593593596        90.597607617627645     
  -9.3393393393393396        90.223259295331374     
  -9.3193193193193196        89.849712575438303     
  -9.2992992992992995        89.476967457948447     
  -9.2792792792792795        89.105023942861791     
  -9.2592592592592595        88.733882030178336     
  -9.2392392392392395        88.363541719898080     
  -9.2192192192192195        87.994003012021039     
  -9.1991991991991995        87.625265906547199     
  -9.1791791791791795        87.257330403476558     
  -9.1591591591591595        86.890196502809118     
  -9.1391391391391394        86.523864204544893     
  -9.1191191191191194        86.158333508683867     
  -9.0990990990990994        85.793604415226042     
  -9.0790790790790794        85.429676924171432     
  -9.0590590590590594        85.066551035520007     
  -9.0390390390390394        84.704226749271797     
  -9.0190190190190194        84.342704065426801     
  -8.9989989989989994        83.981982983984992     
  -8.9789789789789793        83.622063504946397     
  -8.9589589589589593        83.262945628311002     
  -8.9389389389389393        82.904629354078807     
  -8.9189189189189193        82.547114682249827     
  -8.8988988988988993        82.190401612824047     
  -8.8788788788788793        81.834490145801468     
  -8.8588588588588593        81.479380281182088     
  -8.8388388388388393        81.125072018965923     
  -8.8188188188188192        80.771565359152959     
  -8.7987987987987992        80.418860301743194     
  -8.7787787787787792        80.066956846736630     
  -8.7587587587587592        79.715854994133281     
  -8.7387387387387392        79.365554743933131     
  -8.7187187187187192        79.016056096136182     
  -8.6986986986986992        78.667359050742448     
  -8.6786786786786791        78.319463607751899     
  -8.6586586586586591        77.972369767164565     
  -8.6386386386386391        77.626077528980446     
  -8.6186186186186191        77.280586893199512     
  -8.5985985985985991        76.935897859821793     
  -8.5785785785785791        76.592010428847274     
  -8.5585585585585591        76.248924600275956     
  -8.5385385385385391        75.906640374107852     
  -8.5185185185185190        75.565157750342948     
  -8.4984984984984990        75.224476728981244     
  -8.4784784784784790        74.884597310022741     
  -8.4584584584584590        74.545519493467452     
  -8.4384384384384390        74.207243279315364     
  -8.4184184184184190        73.869768667566476     
  -8.3983983983983990        73.533095658220788     
  -8.3783783783783790        73.197224251278314     
  -8.3583583583583589        72.862154446739041     
  -8.3383383383383389        72.527886244602968     
  -8.3183183183183189        72.194419644870109     
  -8.2982982982982989        71.861754647540437     
  -8.2782782782782789        71.529891252613979     
  -8.2582582582582589        71.198829460090735     
  -8.2382382382382389        70.868569269970678     
  -8.2182182182182189        70.539110682253835     
  -8.1981981981981988        70.210453696940192     
  -8.1781781781781788        69.882598314029750     
  -8.1581581581581588        69.555544533522522     
  -8.1381381381381388        69.229292355418494     
  -8.1181181181181188        68.903841779717666     
  -8.0980980980980988        68.579192806420039     
  -8.0780780780780788        68.255345435525626     
  -8.0580580580580587        67.932299667034414     
  -8.0380380380380387        67.610055500946402     
  -8.0180180180180187        67.288612937261604     
  -7.9979979979979978        66.967971975979978     
  -7.9779779779779778        66.648132617101581     
  -7.9579579579579578        66.329094860626384     
  -7.9379379379379378        66.010858706554401     
  -7.9179179179179178        65.693424154885605     
  -7.8978978978978978        65.376791205620037     
  -7.8778778778778777        65.060959858757656     
  -7.8578578578578577        64.745930114298488     
  -7.8378378378378377        64.431701972242507     
  -7.8178178178178177        64.118275432589741     
  -7.7977977977977977        63.805650495340181     
  -7.7777777777777777        63.493827160493822     
  -7.7577577577577577        63.182805428050671     
  -7.7377377377377377        62.872585298010719     
  -7.7177177177177176        62.563166770373975     
  -7.6976976976976976        62.254549845140431     
  -7.6776776776776776        61.946734522310095     
  -7.6576576576576576        61.639720801882966     
  -7.6376376376376376        61.333508683859030     
  -7.6176176176176176        61.028098168238309     
  -7.5975975975975976        60.723489255020787     
  -7.5775775775775776        60.419681944206467     
  -7.5575575575575575        60.116676235795353     
  -7.5375375375375375        59.814472129787447     
  -7.5175175175175175        59.513069626182741     
  -7.4974974974974975        59.212468724981235     
  -7.4774774774774775        58.912669426182937     
  -7.4574574574574575        58.613671729787846     
  -7.4374374374374375        58.315475635795956     
  -7.4174174174174174        58.018081144207272     
  -7.3973973973973974        57.721488255021789     
  -7.3773773773773774        57.425696968239514     
  -7.3573573573573574        57.130707283860438     
  -7.3373373373373374        56.836519201884570     
  -7.3173173173173174        56.543132722311903     
  -7.2972972972972974        56.250547845142442     
  -7.2772772772772774        55.958764570376182     
  -7.2572572572572573        55.667782898013130     
  -7.2372372372372373        55.377602828053277     
  -7.2172172172172173        55.088224360496632     
  -7.1971971971971973        54.799647495343194     
  -7.1771771771771773        54.511872232592957     
  -7.1571571571571573        54.224898572245920     
  -7.1371371371371373        53.938726514302090     
  -7.1171171171171173        53.653356058761467     
  -7.0970970970970972        53.368787205624045     
  -7.0770770770770772        53.085019954889830     
  -7.0570570570570572        52.802054306558816     
  -7.0370370370370372        52.519890260631001     
  -7.0170170170170172        52.238527817106402     
  -6.9969969969969972        51.957966975984995     
  -6.9769769769769772        51.678207737266796     
  -6.9569569569569571        51.399250100951804     
  -6.9369369369369371        51.121094067040019     
  -6.9169169169169171        50.843739635531428     
  -6.8968968968968971        50.567186806426051     
  -6.8768768768768771        50.291435579723874     
  -6.8568568568568571        50.016485955424898     
  -6.8368368368368371        49.742337933529129     
  -6.8168168168168171        49.468991514036560     
  -6.7967967967967970        49.196446696947199     
  -6.7767767767767761        48.924703482261030     
  -6.7567567567567561        48.653761869978077     
  -6.7367367367367361        48.383621860098330     
  -6.7167167167167161        48.114283452621784     
  -6.6966966966966961        47.845746647548438     
  -6.6766766766766761        47.578011444878307     
  -6.6566566566566561        47.311077844611368     
  -6.6366366366366361        47.044945846747638     
  -6.6166166166166160        46.779615451287114     
  -6.5965965965965960        46.515086658229791     
  -6.5765765765765760        46.251359467575675     
  -6.5565565565565560        45.988433879324766     
  -6.5365365365365360        45.726309893477051     
  -6.5165165165165160        45.464987510032550     
  -6.4964964964964960        45.204466728991250     
  -6.4764764764764760        44.944747550353149     
  -6.4564564564564559        44.685829974118256     
  -6.4364364364364359        44.427714000286564     
  -6.4164164164164159        44.170399628858078     
  -6.3963963963963959        43.913886859832800     
  -6.3763763763763759        43.658175693210723     
  -6.3563563563563559        43.403266128991845     
  -6.3363363363363359        43.149158167176182     
  -6.3163163163163158        42.895851807763712     
  -6.2962962962962958        42.643347050754450     
  -6.2762762762762758        42.391643896148395     
  -6.2562562562562558        42.140742343945540     
  -6.2362362362362358        41.890642394145893     
  -6.2162162162162158        41.641344046749445     
  -6.1961961961961958        41.392847301756206     
  -6.1761761761761758        41.145152159166166     
  -6.1561561561561557        40.898258618979334     
  -6.1361361361361357        40.652166681195702     
  -6.1161161161161157        40.406876345815277     
  -6.0960960960960957        40.162387612838060     
  -6.0760760760760757        39.918700482264043     
  -6.0560560560560557        39.675814954093227     
  -6.0360360360360357        39.433731028325617     
  -6.0160160160160157        39.192448704961215     
  -5.9959959959959956        38.951967984000014     
  -5.9759759759759756        38.712288865442012     
  -5.9559559559559556        38.473411349287218     
  -5.9359359359359356        38.235335435535632     
  -5.9159159159159156        37.998061124187245     
  -5.8958958958958956        37.761588415242066     
  -5.8758758758758756        37.525917308700087     
  -5.8558558558558556        37.291047804561316     
  -5.8358358358358355        37.056979902825745     
  -5.8158158158158155        36.823713603493381     
  -5.7957957957957955        36.591248906564218     
  -5.7757757757757755        36.359585812038262     
  -5.7557557557557555        36.128724319915506     
  -5.7357357357357355        35.898664430195957     
  -5.7157157157157155        35.669406142879616     
  -5.6956956956956954        35.440949457966475     
  -5.6756756756756754        35.213294375456535     
  -5.6556556556556554        34.986440895349801     
  -5.6356356356356354        34.760389017646276     
  -5.6156156156156154        34.535138742345950     
  -5.5955955955955954        34.310690069448825     
  -5.5755755755755754        34.087042998954914     
  -5.5555555555555554        33.864197530864196     
  -5.5355355355355353        33.642153665176686     
  -5.5155155155155153        33.420911401892383     
  -5.4954954954954953        33.200470741011280     
  -5.4754754754754753        32.980831682533378     
  -5.4554554554554553        32.761994226458690     
  -5.4354354354354353        32.543958372787202     
  -5.4154154154154153        32.326724121518915     
  -5.3953953953953953        32.110291472653834     
  -5.3753753753753752        31.894660426191955     
  -5.3553553553553552        31.679830982133282     
  -5.3353353353353352        31.465803140477814     
  -5.3153153153153152        31.252576901225549     
  -5.2952952952952952        31.040152264376488     
  -5.2752752752752752        30.828529229930631     
  -5.2552552552552552        30.617707797887977     
  -5.2352352352352352        30.407687968248528     
  -5.2152152152152151        30.198469741012282     
  -5.1951951951951951        29.990053116179240     
  -5.1751751751751751        29.782438093749406     
  -5.1551551551551551        29.575624673722771     
  -5.1351351351351351        29.369612856099341     
  -5.1151151151151151        29.164402640879118     
  -5.0950950950950951        28.959994028062095     
  -5.0750750750750750        28.756387017648279     
  -5.0550550550550550        28.553581609637664     
  -5.0350350350350350        28.351577804030256     
  -5.0150150150150150        28.150375600826052     
  -4.9949949949949950        27.949975000025049     
  -4.9749749749749750        27.750376001627252     
  -4.9549549549549550        27.551578605632660     
  -4.9349349349349350        27.353582812041271     
  -4.9149149149149149        27.156388620853086     
  -4.8948948948948949        26.959996032068105     
  -4.8748748748748749        26.764405045686328     
  -4.8548548548548549        26.569615661707754     
  -4.8348348348348349        26.375627880132384     
  -4.8148148148148149        26.182441700960219     
  -4.7947947947947949        25.990057124191260     
  -4.7747747747747749        25.798474149825502     
  -4.7547547547547548        25.607692777862948     
  -4.7347347347347348        25.417713008303600     
  -4.7147147147147148        25.228534841147454     
  -4.6946946946946948        25.040158276394514     
  -4.6746746746746748        24.852583314044775     
  -4.6546546546546548        24.665809954098243     
  -4.6346346346346348        24.479838196554915     
  -4.6146146146146148        24.294668041414788     
  -4.5945945945945947        24.110299488677867     
  -4.5745745745745747        23.926732538344151     
  -4.5545545545545547        23.743967190413638     
  -4.5345345345345347        23.562003444886329     
  -4.5145145145145147        23.380841301762224     
  -4.4944944944944947        23.200480761041323     
  -4.4744744744744747        23.020921822723626     
  -4.4544544544544546        22.842164486809132     
  -4.4344344344344346        22.664208753297846     
  -4.4144144144144146        22.487054622189760     
  -4.3943943943943946        22.310702093484878     
  -4.3743743743743746        22.135151167183203     
  -4.3543543543543546        21.960401843284728     
  -4.3343343343343346        21.786454121789458     
  -4.3143143143143146        21.613308002697394     
  -4.2942942942942945        21.440963486008535     
  -4.2742742742742745        21.269420571722875     
  -4.2542542542542545        21.098679259840424     
  -4.2342342342342345        20.928739550361176     
  -4.2142142142142145        20.759601443285128     
  -4.1941941941941945        20.591264938612287     
  -4.1741741741741745        20.423730036342651     
  -4.1541541541541545        20.256996736476218     
  -4.1341341341341344        20.091065039012989     
  -4.1141141141141144        19.925934943952964     
  -4.0940940940940944        19.761606451296142     
  -4.0740740740740744        19.598079561042528     
  -4.0540540540540544        19.435354273192115     
  -4.0340340340340344        19.273430587744905     
  -4.0140140140140144        19.112308504700898     
  -3.9939939939939944        18.951988024060100     
  -3.9739739739739743        18.792469145822501     
  -3.9539539539539543        18.633751869988110     
  -3.9339339339339343        18.475836196556919     
  -3.9139139139139143        18.318722125528936     
  -3.8938938938938943        18.162409656904153     
  -3.8738738738738743        18.006898790682577     
  -3.8538538538538543        17.852189526864205     
  -3.8338338338338342        17.698281865449037     
  -3.8138138138138142        17.545175806437072     
  -3.7937937937937942        17.392871349828312     
  -3.7737737737737742        17.241368495622751     
  -3.7537537537537542        17.090667243820398     
  -3.7337337337337342        16.940767594421253     
  -3.7137137137137142        16.791669547425307     
  -3.6936936936936942        16.643373102832566     
  -3.6736736736736741        16.495878260643028     
  -3.6536536536536541        16.349185020856694     
  -3.6336336336336341        16.203293383473568     
  -3.6136136136136141        16.058203348493642     
  -3.5935935935935941        15.913914915916921     
  -3.5735735735735732        15.770428085743399     
  -3.5535535535535532        15.627742857973086     
  -3.5335335335335332        15.485859232605977     
  -3.5135135135135132        15.344777209642071     
  -3.4934934934934931        15.204496789081372     
  -3.4734734734734731        15.065017970923874     
  -3.4534534534534531        14.926340755169582     
  -3.4334334334334331        14.788465141818493     
  -3.4134134134134131        14.651391130870609     
  -3.3933933933933931        14.515118722325928     
  -3.3733733733733731        14.379647916184451     
  -3.3533533533533531        14.244978712446178     
  -3.3333333333333330        14.111111111111109     
  -3.3133133133133130        13.978045112179245     
  -3.2932932932932930        13.845780715650584     
  -3.2732732732732730        13.714317921525128     
  -3.2532532532532530        13.583656729802874     
  -3.2332332332332330        13.453797140483825     
  -3.2132132132132130        13.324739153567981     
  -3.1931931931931929        13.196482769055340     
  -3.1731731731731729        13.069027986945903     
  -3.1531531531531529        12.942374807239670     
  -3.1331331331331329        12.816523229936642     
  -3.1131131131131129        12.691473255036817     
  -3.0930930930930929        12.567224882540197     
  -3.0730730730730729        12.443778112446779     
  -3.0530530530530529        12.321132944756567     
  -3.0330330330330328        12.199289379469558     
  -3.0130130130130128        12.078247416585754     
  -2.9929929929929928        11.958007056105153     
  -2.9729729729729728        11.838568298027756     
  -2.9529529529529528        11.719931142353564     
  -2.9329329329329328        11.602095589082575     
  -2.9129129129129128        11.485061638214791     
  -2.8928928928928928        11.368829289750209     
  -2.8728728728728727        11.253398543688833     
  -2.8528528528528527        11.138769400030661     
  -2.8328328328328327        11.024941858775692     
  -2.8128128128128127        10.911915919923928     
  -2.7927927927927927        10.799691583475367     
  -2.7727727727727727        10.688268849430010     
  -2.7527527527527527        10.577647717787858     
  -2.7327327327327327        10.467828188548909     
  -2.7127127127127126        10.358810261713163     
  -2.6926926926926926        10.250593937280623     
  -2.6726726726726726        10.143179215251287     
  -2.6526526526526526        10.036566095625155     
  -2.6326326326326326        9.9307545784022260     
  -2.6126126126126126        9.8257446635825012     
  -2.5925925925925926        9.7215363511659802     
  -2.5725725725725725        9.6181296411526631     
  -2.5525525525525525        9.5155245335425516     
  -2.5325325325325325        9.4137210283356438     
  -2.5125125125125125        9.3127191255319381     
  -2.4924924924924925        9.2125188251314380     
  -2.4724724724724725        9.1131201271341418     
  -2.4524524524524525        9.0145230315400475     
  -2.4324324324324325        8.9167275383491607     
  -2.4124124124124124        8.8197336475614758     
  -2.3923923923923924        8.7235413591769948     
  -2.3723723723723724        8.6281506731957194     
  -2.3523523523523524        8.5335615896176460     
  -2.3323323323323324        8.4397741084427764     
  -2.3123123123123124        8.3467882296711124     
  -2.2922922922922924        8.2546039533026523     
  -2.2722722722722724        8.1632212793373959     
  -2.2522522522522523        8.0726402077753434     
  -2.2322322322322323        7.9828607386164947     
  -2.2122122122122123        7.8938828718608507     
  -2.1921921921921923        7.8057066075084096     
  -2.1721721721721723        7.7183319455591732     
  -2.1521521521521523        7.6317588860131407     
  -2.1321321321321323        7.5459874288703119     
  -2.1121121121121122        7.4610175741306879     
  -2.0920920920920922        7.3768493217942677     
  -2.0720720720720722        7.2934826718610513     
  -2.0520520520520522        7.2109176243310387     
  -2.0320320320320322        7.1291541792042299     
  -2.0120120120120122        7.0481923364806258     
  -1.9919919919919913        6.9680320961602220     
  -1.9719719719719713        6.8886734582430247     
  -1.9519519519519513        6.8101164227290329     
  -1.9319319319319312        6.7323609896182441     
  -1.9119119119119112        6.6554071589106600     
  -1.8918918918918912        6.5792549306062789     
  -1.8718718718718712        6.5039043047051024     
  -1.8518518518518512        6.4293552812071306     
  -1.8318318318318312        6.3556078601123627     
  -1.8118118118118112        6.2826620414207976     
  -1.7917917917917912        6.2105178251324373     
  -1.7717717717717711        6.1391752112472808     
  -1.7517517517517511        6.0686341997653290     
  -1.7317317317317311        5.9988947906865802     
  -1.7117117117117111        5.9299569840110360     
  -1.6916916916916911        5.8618207797386956     
  -1.6716716716716711        5.7944861778695591     
  -1.6516516516516511        5.7279531784036273     
  -1.6316316316316311        5.6622217813408984     
  -1.6116116116116110        5.5972919866813742     
  -1.5915915915915910        5.5331637944250538     
  -1.5715715715715710        5.4698372045719381     
  -1.5515515515515510        5.4073122171220254     
  -1.5315315315315310        5.3455888320753164     
  -1.5115115115115110        5.2846670494318122     
  -1.4914914914914910        5.2245468691915118     
  -1.4714714714714709        5.1652282913544161     
  -1.4514514514514509        5.1067113159205242     
  -1.4314314314314309        5.0489959428898352     
  -1.4114114114114109        4.9920821722623510     
  -1.3913913913913909        4.9359700040380705     
  -1.3713713713713709        4.8806594382169948     
  -1.3513513513513509        4.8261504747991220     
  -1.3313313313313309        4.7724431137844538     
  -1.3113113113113108        4.7195373551729896     
  -1.2912912912912908        4.6674331989647291     
  -1.2712712712712708        4.6161306451596733     
  -1.2512512512512508        4.5656296937578205     
  -1.2312312312312308        4.5159303447591723     
  -1.2112112112112108        4.4670325981637280     
  -1.1911911911911908        4.4189364539714884     
  -1.1711711711711708        4.3716419121824517     
  -1.1511511511511507        4.3251489727966197     
  -1.1311311311311307        4.2794576358139915     
  -1.1111111111111107        4.2345679012345672     
  -1.0910910910910907        4.1904797690583466     
  -1.0710710710710707        4.1471932392853308     
  -1.0510510510510507        4.1047083119155179     
  -1.0310310310310307        4.0630249869489106     
  -1.0110110110110107        4.0221432643855062     
 -0.99099099099099064        3.9820631442253056     
 -0.97097097097097063        3.9427846264683097     
 -0.95095095095095061        3.9043077111145172     
 -0.93093093093093060        3.8666323981639290     
 -0.91091091091091059        3.8297586876165450     
 -0.89089089089089057        3.7936865794723644     
 -0.87087087087087056        3.7584160737313885     
 -0.85085085085085055        3.7239471703936164     
 -0.83083083083083054        3.6902798694590482     
 -0.81081081081081052        3.6574141709276837     
 -0.79079079079079051        3.6253500747995240     
 -0.77077077077077050        3.5940875810745676     
 -0.75075075075075048        3.5636266897528155     
 -0.73073073073073047        3.5339674008342672     
 -0.71071071071071046        3.5051097143189232     
 -0.69069069069069045        3.4770536302067829     
 -0.67067067067067043        3.4497991484978470     
 -0.65065065065065042        3.4233462691921148     
 -0.63063063063063041        3.3976949922895865     
 -0.61061061061061039        3.3728453177902624     
 -0.59059059059059038        3.3487972456941422     
 -0.57057057057057037        3.3255507760012262     
 -0.55055055055055035        3.3031059087115140     
 -0.53053053053053034        3.2814626438250061     
 -0.51051051051051033        3.2606209813417020     
 -0.49049049049049032        3.2405809212616017     
 -0.47047047047047030        3.2213424635847057     
 -0.45045045045045029        3.2029056083110135     
 -0.43043043043043028        3.1852703554405255     
 -0.41041041041041026        3.1684367049732414     
 -0.39039039039039025        3.1524046569091615     
 -0.37037037037037024        3.1371742112482854     
 -0.35035035035035023        3.1227453679906132     
 -0.33033033033033021        3.1091181271361452     
 -0.31031031031031020        3.0962924886848811     
 -0.29029029029029019        3.0842684526368211     
 -0.27027027027027017        3.0730460189919651     
 -0.25025025025025016        3.0626251877503128     
 -0.23023023023023015        3.0530059589118648     
 -0.21021021021021014        3.0441883324766206     
 -0.19019019019019012        3.0361723084445806     
 -0.17017017017017011        3.0289578868157445     
 -0.15015015015015010        3.0225450675901127     
 -0.13013013013013008        3.0169338507676846     
 -0.11011011011011007        3.0121242363484604     
  -9.0090090090090058E-002   3.0081162243324404     
  -7.0070070070070045E-002   3.0049098147196247     
  -5.0050050050050032E-002   3.0025050075100124     
  -3.0030030030030019E-002   3.0009018027036043     
  -1.0010010010010006E-002   3.0001002003004005     
   1.0010010010010006E-002   3.0001002003004005     
   3.0030030030030019E-002   3.0009018027036043     
   5.0050050050050032E-002   3.0025050075100124     
   7.0070070070070045E-002   3.0049098147196247     
   9.0090090090090058E-002   3.0081162243324404     
  0.11011011011011007        3.0121242363484604     
  0.13013013013013008        3.0169338507676846     
  0.15015015015015010        3.0225450675901127     
  0.17017017017017011        3.0289578868157445     
  0.19019019019019012        3.0361723084445806     
  0.21021021021021014        3.0441883324766206     
  0.23023023023023015        3.0530059589118648     
  0.25025025025025016        3.0626251877503128     
  0.27027027027027017        3.0730460189919651     
  0.29029029029029019        3.0842684526368211     
  0.31031031031031020        3.0962924886848811     
  0.33033033033033021        3.1091181271361452     
  0.35035035035035023        3.1227453679906132     
  0.37037037037037024        3.1371742112482854     
  0.39039039039039025        3.1524046569091615     
  0.41041041041041026        3.1684367049732414     
  0.43043043043043028        3.1852703554405255     
  0.45045045045045029        3.2029056083110135     
  0.47047047047047030        3.2213424635847057     
  0.49049049049049032        3.2405809212616017     
  0.51051051051051033        3.2606209813417020     
  0.53053053053053034        3.2814626438250061     
  0.55055055055055035        3.3031059087115140     
  0.57057057057057037        3.3255507760012262     
  0.59059059059059038        3.3487972456941422     
  0.61061061061061039        3.3728453177902624     
  0.63063063063063041        3.3976949922895865     
  0.65065065065065042        3.4233462691921148     
  0.67067067067067043        3.4497991484978470     
  0.69069069069069045        3.4770536302067829     
  0.71071071071071046        3.5051097143189232     
  0.73073073073073047        3.5339674008342672     
  0.75075075075075048        3.5636266897528155     
  0.77077077077077050        3.5940875810745676     
  0.79079079079079051        3.6253500747995240     
  0.81081081081081052        3.6574141709276837     
  0.83083083083083054        3.6902798694590482     
  0.85085085085085055        3.7239471703936164     
  0.87087087087087056        3.7584160737313885     
  0.89089089089089057        3.7936865794723644     
  0.91091091091091059        3.8297586876165450     
  0.93093093093093060        3.8666323981639290     
  0.95095095095095061        3.9043077111145172     
  0.97097097097097063        3.9427846264683097     
  0.99099099099099064        3.9820631442253056     
   1.0110110110110107        4.0221432643855062     
   1.0310310310310307        4.0630249869489106     
   1.0510510510510507        4.1047083119155179     
   1.0710710710710707        4.1471932392853308     
   1.0910910910910907        4.1904797690583466     
   1.1111111111111107        4.2345679012345672     
   1.1311311311311307        4.2794576358139915     
   1.1511511511511507        4.3251489727966197     
   1.1711711711711708        4.3716419121824517     
   1.1911911911911908        4.4189364539714884     
   1.2112112112112108        4.4670325981637280     
   1.2312312312312308        4.5159303447591723     
   1.2512512512512508        4.5656296937578205     
   1.2712712712712708        4.6161306451596733     
   1.2912912912912908        4.6674331989647291     
   1.3113113113113108        4.7195373551729896     
   1.3313313313313309        4.7724431137844538     
   1.3513513513513509        4.8261504747991220     
   1.3713713713713709        4.8806594382169948     
   1.3913913913913909        4.9359700040380705     
   1.4114114114114109        4.9920821722623510     
   1.4314314314314309        5.0489959428898352     
   1.4514514514514509        5.1067113159205242     
   1.4714714714714709        5.1652282913544161     
   1.4914914914914910        5.2245468691915118     
   1.5115115115115110        5.2846670494318122     
   1.5315315315315310        5.3455888320753164     
   1.5515515515515510        5.4073122171220254     
   1.5715715715715710        5.4698372045719381     
   1.5915915915915910        5.5331637944250538     
   1.6116116116116110        5.5972919866813742     
   1.6316316316316311        5.6622217813408984     
   1.6516516516516511        5.7279531784036273     
   1.6716716716716711        5.7944861778695591     
   1.6916916916916911        5.8618207797386956     
   1.7117117117117111        5.9299569840110360     
   1.7317317317317311        5.9988947906865802     
   1.7517517517517511        6.0686341997653290     
   1.7717717717717711        6.1391752112472808     
   1.7917917917917912        6.2105178251324373     
   1.8118118118118112        6.2826620414207976     
   1.8318318318318312        6.3556078601123627     
   1.8518518518518512        6.4293552812071306     
   1.8718718718718712        6.5039043047051024     
   1.8918918918918912        6.5792549306062789     
   1.9119119119119112        6.6554071589106600     
   1.9319319319319312        6.7323609896182441     
   1.9519519519519513        6.8101164227290329     
   1.9719719719719713        6.8886734582430247     
   1.9919919919919913        6.9680320961602220     
   2.0120120120120113        7.0481923364806223     
   2.0320320320320313        7.1291541792042263     
   2.0520520520520513        7.2109176243310351     
   2.0720720720720713        7.2934826718610468     
   2.0920920920920913        7.3768493217942632     
   2.1121121121121114        7.4610175741306843     
   2.1321321321321314        7.5459874288703084     
   2.1521521521521514        7.6317588860131371     
   2.1721721721721714        7.7183319455591697     
   2.1921921921921914        7.8057066075084061     
   2.2122122122122114        7.8938828718608463     
   2.2322322322322314        7.9828607386164911     
   2.2522522522522515        8.0726402077753399     
   2.2722722722722715        8.1632212793373924     
   2.2922922922922915        8.2546039533026487     
   2.3123123123123115        8.3467882296711089     
   2.3323323323323315        8.4397741084427729     
   2.3523523523523515        8.5335615896176407     
   2.3723723723723715        8.6281506731957140     
   2.3923923923923915        8.7235413591769913     
   2.4124124124124116        8.8197336475614705     
   2.4324324324324316        8.9167275383491553     
   2.4524524524524516        9.0145230315400440     
   2.4724724724724716        9.1131201271341364     
   2.4924924924924916        9.2125188251314327     
   2.5125125125125116        9.3127191255319346     
   2.5325325325325316        9.4137210283356385     
   2.5525525525525516        9.5155245335425462     
   2.5725725725725717        9.6181296411526596     
   2.5925925925925917        9.7215363511659767     
   2.6126126126126117        9.8257446635824977     
   2.6326326326326317        9.9307545784022224     
   2.6526526526526517        10.036566095625151     
   2.6726726726726717        10.143179215251283     
   2.6926926926926917        10.250593937280620     
   2.7127127127127117        10.358810261713160     
   2.7327327327327318        10.467828188548904     
   2.7527527527527518        10.577647717787853     
   2.7727727727727718        10.688268849430006     
   2.7927927927927918        10.799691583475362     
   2.8128128128128118        10.911915919923922     
   2.8328328328328336        11.024941858775698     
   2.8528528528528536        11.138769400030666     
   2.8728728728728736        11.253398543688839     
   2.8928928928928936        11.368829289750215     
   2.9129129129129137        11.485061638214797     
   2.9329329329329337        11.602095589082580     
   2.9529529529529537        11.719931142353570     
   2.9729729729729737        11.838568298027761     
   2.9929929929929937        11.958007056105158     
   3.0130130130130137        12.078247416585759     
   3.0330330330330337        12.199289379469564     
   3.0530530530530537        12.321132944756572     
   3.0730730730730738        12.443778112446786     
   3.0930930930930938        12.567224882540202     
   3.1131131131131138        12.691473255036822     
   3.1331331331331338        12.816523229936648     
   3.1531531531531538        12.942374807239677     
   3.1731731731731738        13.069027986945908     
   3.1931931931931938        13.196482769055345     
   3.2132132132132138        13.324739153567986     
   3.2332332332332339        13.453797140483831     
   3.2532532532532539        13.583656729802881     
   3.2732732732732739        13.714317921525133     
   3.2932932932932939        13.845780715650589     
   3.3133133133133139        13.978045112179251     
   3.3333333333333339        14.111111111111114     
   3.3533533533533539        14.244978712446184     
   3.3733733733733740        14.379647916184457     
   3.3933933933933940        14.515118722325933     
   3.4134134134134140        14.651391130870614     
   3.4334334334334340        14.788465141818499     
   3.4534534534534540        14.926340755169587     
   3.4734734734734740        15.065017970923881     
   3.4934934934934940        15.204496789081377     
   3.5135135135135140        15.344777209642078     
   3.5335335335335341        15.485859232605984     
   3.5535535535535541        15.627742857973091     
   3.5735735735735741        15.770428085743404     
   3.5935935935935941        15.913914915916921     
   3.6136136136136141        16.058203348493642     
   3.6336336336336341        16.203293383473568     
   3.6536536536536541        16.349185020856694     
   3.6736736736736741        16.495878260643028     
   3.6936936936936942        16.643373102832566     
   3.7137137137137142        16.791669547425307     
   3.7337337337337342        16.940767594421253     
   3.7537537537537542        17.090667243820398     
   3.7737737737737742        17.241368495622751     
   3.7937937937937942        17.392871349828312     
   3.8138138138138142        17.545175806437072     
   3.8338338338338342        17.698281865449037     
   3.8538538538538543        17.852189526864205     
   3.8738738738738743        18.006898790682577     
   3.8938938938938943        18.162409656904153     
   3.9139139139139143        18.318722125528936     
   3.9339339339339343        18.475836196556919     
   3.9539539539539543        18.633751869988110     
   3.9739739739739743        18.792469145822501     
   3.9939939939939944        18.951988024060100     
   4.0140140140140144        19.112308504700898     
   4.0340340340340344        19.273430587744905     
   4.0540540540540544        19.435354273192115     
   4.0740740740740744        19.598079561042528     
   4.0940940940940944        19.761606451296142     
   4.1141141141141144        19.925934943952964     
   4.1341341341341344        20.091065039012989     
   4.1541541541541545        20.256996736476218     
   4.1741741741741745        20.423730036342651     
   4.1941941941941945        20.591264938612287     
   4.2142142142142145        20.759601443285128     
   4.2342342342342345        20.928739550361176     
   4.2542542542542545        21.098679259840424     
   4.2742742742742745        21.269420571722875     
   4.2942942942942945        21.440963486008535     
   4.3143143143143146        21.613308002697394     
   4.3343343343343346        21.786454121789458     
   4.3543543543543546        21.960401843284728     
   4.3743743743743746        22.135151167183203     
   4.3943943943943946        22.310702093484878     
   4.4144144144144146        22.487054622189760     
   4.4344344344344346        22.664208753297846     
   4.4544544544544546        22.842164486809132     
   4.4744744744744747        23.020921822723626     
   4.4944944944944947        23.200480761041323     
   4.5145145145145147        23.380841301762224     
   4.5345345345345347        23.562003444886329     
   4.5545545545545547        23.743967190413638     
   4.5745745745745747        23.926732538344151     
   4.5945945945945947        24.110299488677867     
   4.6146146146146148        24.294668041414788     
   4.6346346346346348        24.479838196554915     
   4.6546546546546548        24.665809954098243     
   4.6746746746746748        24.852583314044775     
   4.6946946946946948        25.040158276394514     
   4.7147147147147148        25.228534841147454     
   4.7347347347347348        25.417713008303600     
   4.7547547547547548        25.607692777862948     
   4.7747747747747749        25.798474149825502     
   4.7947947947947949        25.990057124191260     
   4.8148148148148149        26.182441700960219     
   4.8348348348348349        26.375627880132384     
   4.8548548548548549        26.569615661707754     
   4.8748748748748749        26.764405045686328     
   4.8948948948948949        26.959996032068105     
   4.9149149149149149        27.156388620853086     
   4.9349349349349350        27.353582812041271     
   4.9549549549549550        27.551578605632660     
   4.9749749749749750        27.750376001627252     
   4.9949949949949950        27.949975000025049     
   5.0150150150150150        28.150375600826052     
   5.0350350350350350        28.351577804030256     
   5.0550550550550550        28.553581609637664     
   5.0750750750750750        28.756387017648279     
   5.0950950950950951        28.959994028062095     
   5.1151151151151151        29.164402640879118     
   5.1351351351351351        29.369612856099341     
   5.1551551551551551        29.575624673722771     
   5.1751751751751751        29.782438093749406     
   5.1951951951951951        29.990053116179240     
   5.2152152152152151        30.198469741012282     
   5.2352352352352352        30.407687968248528     
   5.2552552552552552        30.617707797887977     
   5.2752752752752752        30.828529229930631     
   5.2952952952952952        31.040152264376488     
   5.3153153153153152        31.252576901225549     
   5.3353353353353352        31.465803140477814     
   5.3553553553553552        31.679830982133282     
   5.3753753753753752        31.894660426191955     
   5.3953953953953953        32.110291472653834     
   5.4154154154154153        32.326724121518915     
   5.4354354354354353        32.543958372787202     
   5.4554554554554553        32.761994226458690     
   5.4754754754754753        32.980831682533378     
   5.4954954954954953        33.200470741011280     
   5.5155155155155153        33.420911401892383     
   5.5355355355355353        33.642153665176686     
   5.5555555555555554        33.864197530864196     
   5.5755755755755754        34.087042998954914     
   5.5955955955955954        34.310690069448825     
   5.6156156156156154        34.535138742345950     
   5.6356356356356354        34.760389017646276     
   5.6556556556556554        34.986440895349801     
   5.6756756756756754        35.213294375456535     
   5.6956956956956954        35.440949457966475     
   5.7157157157157155        35.669406142879616     
   5.7357357357357355        35.898664430195957     
   5.7557557557557555        36.128724319915506     
   5.7757757757757755        36.359585812038262     
   5.7957957957957955        36.591248906564218     
   5.8158158158158155        36.823713603493381     
   5.8358358358358355        37.056979902825745     
   5.8558558558558556        37.291047804561316     
   5.8758758758758756        37.525917308700087     
   5.8958958958958956        37.761588415242066     
   5.9159159159159156        37.998061124187245     
   5.9359359359359356        38.235335435535632     
   5.9559559559559556        38.473411349287218     
   5.9759759759759756        38.712288865442012     
   5.9959959959959956        38.951967984000014     
   6.0160160160160174        39.192448704961237     
   6.0360360360360374        39.433731028325639     
   6.0560560560560575        39.675814954093248     
   6.0760760760760775        39.918700482264065     
   6.0960960960960975        40.162387612838081     
   6.1161161161161175        40.406876345815299     
   6.1361361361361375        40.652166681195730     
   6.1561561561561575        40.898258618979355     
   6.1761761761761775        41.145152159166187     
   6.1961961961961975        41.392847301756227     
   6.2162162162162176        41.641344046749467     
   6.2362362362362376        41.890642394145914     
   6.2562562562562576        42.140742343945561     
   6.2762762762762776        42.391643896148416     
   6.2962962962962976        42.643347050754471     
   6.3163163163163176        42.895851807763734     
   6.3363363363363376        43.149158167176203     
   6.3563563563563577        43.403266128991874     
   6.3763763763763777        43.658175693210744     
   6.3963963963963977        43.913886859832822     
   6.4164164164164177        44.170399628858107     
   6.4364364364364377        44.427714000286592     
   6.4564564564564577        44.685829974118278     
   6.4764764764764777        44.944747550353171     
   6.4964964964964977        45.204466728991271     
   6.5165165165165178        45.464987510032572     
   6.5365365365365378        45.726309893477080     
   6.5565565565565578        45.988433879324788     
   6.5765765765765778        46.251359467575696     
   6.5965965965965978        46.515086658229819     
   6.6166166166166178        46.779615451287135     
   6.6366366366366378        47.044945846747666     
   6.6566566566566578        47.311077844611397     
   6.6766766766766779        47.578011444878328     
   6.6966966966966979        47.845746647548467     
   6.7167167167167179        48.114283452621805     
   6.7367367367367379        48.383621860098351     
   6.7567567567567579        48.653761869978105     
   6.7767767767767779        48.924703482261059     
   6.7967967967967979        49.196446696947213     
   6.8168168168168179        49.468991514036574     
   6.8368368368368380        49.742337933529143     
   6.8568568568568580        50.016485955424912     
   6.8768768768768780        50.291435579723881     
   6.8968968968968980        50.567186806426058     
   6.9169169169169180        50.843739635531442     
   6.9369369369369380        51.121094067040026     
   6.9569569569569580        51.399250100951818     
   6.9769769769769781        51.678207737266810     
   6.9969969969969981        51.957966975985009     
   7.0170170170170181        52.238527817106409     
   7.0370370370370381        52.519890260631016     
   7.0570570570570581        52.802054306558823     
   7.0770770770770781        53.085019954889837     
   7.0970970970970981        53.368787205624059     
   7.1171171171171181        53.653356058761482     
   7.1371371371371382        53.938726514302104     
   7.1571571571571582        54.224898572245934     
   7.1771771771771782        54.511872232592971     
   7.1971971971971982        54.799647495343208     
   7.2172172172172182        55.088224360496646     
   7.2372372372372382        55.377602828053291     
   7.2572572572572582        55.667782898013144     
   7.2772772772772782        55.958764570376196     
   7.2972972972972983        56.250547845142457     
   7.3173173173173183        56.543132722311917     
   7.3373373373373383        56.836519201884585     
   7.3573573573573583        57.130707283860453     
   7.3773773773773783        57.425696968239528     
   7.3973973973973983        57.721488255021804     
   7.4174174174174183        58.018081144207287     
   7.4374374374374383        58.315475635795970     
   7.4574574574574584        58.613671729787860     
   7.4774774774774784        58.912669426182951     
   7.4974974974974984        59.212468724981250     
   7.5175175175175184        59.513069626182755     
   7.5375375375375384        59.814472129787461     
   7.5575575575575584        60.116676235795367     
   7.5775775775775784        60.419681944206481     
   7.5975975975975985        60.723489255020802     
   7.6176176176176185        61.028098168238323     
   7.6376376376376385        61.333508683859044     
   7.6576576576576585        61.639720801882980     
   7.6776776776776785        61.946734522310109     
   7.6976976976976985        62.254549845140446     
   7.7177177177177185        62.563166770373989     
   7.7377377377377385        62.872585298010733     
   7.7577577577577586        63.182805428050685     
   7.7777777777777786        63.493827160493836     
   7.7977977977977986        63.805650495340196     
   7.8178178178178186        64.118275432589769     
   7.8378378378378386        64.431701972242521     
   7.8578578578578586        64.745930114298488     
   7.8778778778778786        65.060959858757670     
   7.8978978978978986        65.376791205620037     
   7.9179179179179187        65.693424154885633     
   7.9379379379379387        66.010858706554416     
   7.9579579579579587        66.329094860626412     
   7.9779779779779787        66.648132617101595     
   7.9979979979979987        66.967971975979992     
   8.0180180180180187        67.288612937261604     
   8.0380380380380387        67.610055500946402     
   8.0580580580580587        67.932299667034414     
   8.0780780780780788        68.255345435525626     
   8.0980980980980988        68.579192806420039     
   8.1181181181181188        68.903841779717666     
   8.1381381381381388        69.229292355418494     
   8.1581581581581588        69.555544533522522     
   8.1781781781781788        69.882598314029750     
   8.1981981981981988        70.210453696940192     
   8.2182182182182189        70.539110682253835     
   8.2382382382382389        70.868569269970678     
   8.2582582582582589        71.198829460090735     
   8.2782782782782789        71.529891252613979     
   8.2982982982982989        71.861754647540437     
   8.3183183183183189        72.194419644870109     
   8.3383383383383389        72.527886244602968     
   8.3583583583583589        72.862154446739041     
   8.3783783783783790        73.197224251278314     
   8.3983983983983990        73.533095658220788     
   8.4184184184184190        73.869768667566476     
   8.4384384384384390        74.207243279315364     
   8.4584584584584590        74.545519493467452     
   8.4784784784784790        74.884597310022741     
   8.4984984984984990        75.224476728981244     
   8.5185185185185190        75.565157750342948     
   8.5385385385385391        75.906640374107852     
   8.5585585585585591        76.248924600275956     
   8.5785785785785791        76.592010428847274     
   8.5985985985985991        76.935897859821793     
   8.6186186186186191        77.280586893199512     
   8.6386386386386391        77.626077528980446     
   8.6586586586586591        77.972369767164565     
   8.6786786786786791        78.319463607751899     
   8.6986986986986992        78.667359050742448     
   8.7187187187187192        79.016056096136182     
   8.7387387387387392        79.365554743933131     
   8.7587587587587592        79.715854994133281     
   8.7787787787787792        80.066956846736630     
   8.7987987987987992        80.418860301743194     
   8.8188188188188192        80.771565359152959     
   8.8388388388388393        81.125072018965923     
   8.8588588588588593        81.479380281182088     
   8.8788788788788793        81.834490145801468     
   8.8988988988988993        82.190401612824047     
   8.9189189189189193        82.547114682249827     
   8.9389389389389393        82.904629354078807     
   8.9589589589589593        83.262945628311002     
   8.9789789789789793        83.622063504946397     
   8.9989989989989994        83.981982983984992     
   9.0190190190190194        84.342704065426801     
   9.0390390390390394        84.704226749271797     
   9.0590590590590594        85.066551035520007     
   9.0790790790790794        85.429676924171432     
   9.0990990990990994        85.793604415226042     
   9.1191191191191194        86.158333508683867     
   9.1391391391391394        86.523864204544893     
   9.1591591591591595        86.890196502809118     
   9.1791791791791795        87.257330403476558     
   9.1991991991991995        87.625265906547199     
   9.2192192192192195        87.994003012021039     
   9.2392392392392395        88.363541719898080     
   9.2592592592592595        88.733882030178336     
   9.2792792792792795        89.105023942861791     
   9.2992992992992995        89.476967457948447     
   9.3193193193193196        89.849712575438303     
   9.3393393393393396        90.223259295331374     
   9.3593593593593596        90.597607617627645     
   9.3793793793793796        90.972757542327116     
   9.3993993993993996        91.348709069429788     
   9.4194194194194196        91.725462198935674     
   9.4394394394394396        92.103016930844760     
   9.4594594594594597        92.481373265157046     
   9.4794794794794797        92.860531201872547     
   9.4994994994994997        93.240490740991248     
   9.5195195195195197        93.621251882513150     
   9.5395395395395397        94.002814626438251     
   9.5595595595595597        94.385178972766568     
   9.5795795795795797        94.768344921498084     
   9.5995995995995997        95.152312472632801     
   9.6196196196196198        95.537081626170718     
   9.6396396396396398        95.922652382111849     
   9.6596596596596598        96.309024740456181     
   9.6796796796796798        96.696198701203713     
   9.6996996996996998        97.084174264354445     
   9.7197197197197198        97.472951429908392     
   9.7397397397397398        97.862530197865539     
   9.7597597597597598        98.252910568225886     
   9.7797797797797799        98.644092540989433     
   9.7997997997997999        99.036076116156195     
   9.8198198198198199        99.428861293726158     
   9.8398398398398399        99.822448073699320     
   9.8598598598598599        100.21683645607570     
   9.8798798798798799        100.61202644085527     
   9.8998998998998999        101.00801802803805     
   9.9199199199199199        101.40481121762403     
   9.9399399399399400        101.80240600961322     
   9.9599599599599600        102.20080240400561     
   9.9799799799799800        102.60000040080121     
   10.000000000000000        103.00000000000000     
