  -5.7805440355918680       -5.7805440355918680     
  -5.7930831391617046       -5.7930831391617046     
  -5.7198857843227762       -5.7198857843227762     
  -5.7810053217330388       -5.7810053217330388     
  -5.6588007429076779       -5.6588007429076779     
  -5.5024676126739216       -5.5024676126739216     
  -5.5398805624360721       -5.5398805624360721     
  -5.5521702810429208       -5.5521702810429208     
  -6.0045551029788857       -6.0045551029788857     
  -5.2139797938967618       -5.2139797938967618     
  -5.9678256438937947       -5.9678256438937947     
  -5.5312889740187750       -5.5312889740187750     
  -5.6237251769974073       -5.6237251769974073     
  -5.6578302974351384       -5.6578302974351384     
  -6.7744499216614518       -6.7744499216614518     
  -5.7315235598297525       -5.7315235598297525     
  -5.7165784271888596       -5.7165784271888596     
  -5.8311783575748457       -5.8311783575748457     
  -5.6170160176721176       -5.6170160176721176     
  -8.1347969482672422       -8.1347969482672422     
  -5.7570442304117257       -5.7570442304117257     
  -5.6314874973449394       -5.6314874973449394     
  -6.2364767530012593       -6.2364767530012593     
  -5.6384939938441665       -5.6384939938441665     
  -5.2293873990394832       -5.2293873990394832     
  -5.4806547797164757       -5.4806547797164757     
  -5.8487988012462448       -5.8487988012462448     
  -5.7371499633483483       -5.7371499633483483     
  -6.0395388429377768       -6.0395388429377768     
  -5.6463313318844044       -5.6463313318844044     
  -5.5222335803133511       -5.5222335803133511     
  -5.6450067049314008       -5.6450067049314008     
  -5.7245215297503282       -5.7245215297503282     
  -5.5510903814408543       -5.5510903814408543     
  -5.5992444457882229       -5.5992444457882229     
  -5.3582509563648042       -5.3582509563648042     
  -6.2128189126254982       -6.2128189126254982     
  -5.8073955421825367       -5.8073955421825367     
  -5.5874288530478884       -5.5874288530478884     
  -5.6270696466866017       -5.6270696466866017     
  -5.9079591693104483       -5.9079591693104483     
  -5.6339168653445117       -5.6339168653445117     
  -5.8832738907475495       -5.8832738907475495     
  -5.3088252928856559       -5.3088252928856559     
  -6.1438588957443425       -6.1438588957443425     
  -4.9505379111676593       -4.9505379111676593     
  -5.7088448403027243       -5.7088448403027243     
  -4.8801431485754616       -4.8801431485754616     
  -5.5388722939400035       -5.5388722939400035     
  -5.6877237627988126       -5.6877237627988126     
  -5.5297779916044352       -5.5297779916044352     
  -5.7565470384409352       -5.7565470384409352     
  -5.7409526236404034       -5.7409526236404034     
  -5.5269902868515617       -5.5269902868515617     
  -5.4180776803063591       -5.4180776803063591     
  -5.8583582292673437       -5.8583582292673437     
  -5.6723098422323730       -5.6723098422323730     
  -5.8629040169147890       -5.8629040169147890     
  -5.5430721047360283       -5.5430721047360283     
  -5.4548209332531998       -5.4548209332531998     
  -5.7015798460022253       -5.7015798460022253     
  -5.8604026193145380       -5.8604026193145380     
  -5.7755641898339611       -5.7755641898339611     
  -5.0670313053797660       -5.0670313053797660     
  -5.8410406357760820       -5.8410406357760820     
  -5.4729942889120871       -5.4729942889120871     
  -5.6873280287628134       -5.6873280287628134     
  -5.6276831990874570       -5.6276831990874570     
  -5.8189892868309236       -5.8189892868309236     
  -5.5957827089132728       -5.5957827089132728     
  -5.5547588816603550       -5.5547588816603550     
  -5.7009015129771141       -5.7009015129771141     
  -5.4468816819994554       -5.4468816819994554     
  -5.6283793767348218       -5.6283793767348218     
  -5.4615034159561233       -5.4615034159561233     
  -5.1893316556392426       -5.1893316556392426     
  -5.7477036281311813       -5.7477036281311813     
  -3.7067975401077877       -3.7067975401077877     
  -5.4768113183480285       -5.4768113183480285     
  -5.6006203760363276       -5.6006203760363276     
  -5.7427869035449213       -5.7427869035449213     
  -5.7212333234935482       -5.7212333234935482     
  -5.8594483954485277       -5.8594483954485277     
  -5.5971312964264506       -5.5971312964264506     
  -5.6795830046554201       -5.6795830046554201     
  -5.6114293765184247       -5.6114293765184247     
  -5.7581773145649819       -5.7581773145649819     
  -5.8178013046479240       -5.8178013046479240     
  -6.0927135719373737       -6.0927135719373737     
  -6.4996549857257371       -6.4996549857257371     
  -3.8126993378836174       -3.8126993378836174     
  -5.5365272530820233       -5.5365272530820233     
  -5.4388357529347031       -5.4388357529347031     
  -6.0067746821394969       -6.0067746821394969     
  -7.7991218707845285       -7.7991218707845285     
  -5.6336870380519404       -5.6336870380519404     
  -5.6629804718064207       -5.6629804718064207     
  -5.5603020135321035       -5.5603020135321035     
  -5.5441923637008053       -5.5441923637008053     
  -6.2558032512270501       -6.2558032512270501     
  -5.6766909796955236       -5.6766909796955236     
  -6.2228450739149004       -6.2228450739149004     
  -5.7748771847183038       -5.7748771847183038     
  -8.5542548453269784       -8.5542548453269784     
  -5.5975239789923030       -5.5975239789923030     
  -5.6606169000155582       -5.6606169000155582     
  -6.1296392118336360       -6.1296392118336360     
  -6.0087605383543377       -6.0087605383543377     
  -5.5968060524766994       -5.5968060524766994     
  -5.9414571348659200       -5.9414571348659200     
  -5.5434154187859424       -5.5434154187859424     
  -5.6610089061803173       -5.6610089061803173     
  -5.5295392355886914       -5.5295392355886914     
  -5.5906406302873428       -5.5906406302873428     
  -5.5820266654659081       -5.5820266654659081     
  -5.8088428622288397       -5.8088428622288397     
  -5.6758258619965263       -5.6758258619965263     
  -5.8920887243485662       -5.8920887243485662     
  -6.0503723122666138       -6.0503723122666138     
  -5.6692134574412734       -5.6692134574412734     
  -5.6504551650073367       -5.6504551650073367     
  -5.7498283131658514       -5.7498283131658514     
  -5.6258742010500971       -5.6258742010500971     
  -5.4375960119465283       -5.4375960119465283     
  -5.6883035842741627       -5.6883035842741627     
  -5.7703238741495619       -5.7703238741495619     
  -5.3680505879046621       -5.3680505879046621     
  -5.6709728737046543       -5.6709728737046543     
  -5.6626651899596574       -5.6626651899596574     
  -5.8137293339264211       -5.8137293339264211     
  -5.8418403381849284       -5.8418403381849284     
  -5.6103919751910656       -5.6103919751910656     
  -5.6433000079367961       -5.6433000079367961     
  -5.7569503981436636       -5.7569503981436636     
  -5.4181505318084469       -5.4181505318084469     
  -5.9146154406381708       -5.9146154406381708     
  -5.7396398460072717       -5.7396398460072717     
  -5.5872529195448042       -5.5872529195448042     
  -5.6046227807766495       -5.6046227807766495     
  -5.8976115776002658       -5.8976115776002658     
  -5.7393051166851654       -5.7393051166851654     
  -5.8375555107730550       -5.8375555107730550     
  -5.5963126976480346       -5.5963126976480346     
  -5.7313335669788428       -5.7313335669788428     
  -5.6505790723393599       -5.6505790723393599     
  -6.0189382296134131       -6.0189382296134131     
  -5.3862644720433916       -5.3862644720433916     
  -4.8800974386920366       -4.8800974386920366     
  -5.6762747078491014       -5.6762747078491014     
  -6.0346818529177204       -6.0346818529177204     
  -5.6417555066252074       -5.6417555066252074     
  -5.7211364698356935       -5.7211364698356935     
  -5.6342653885498049       -5.6342653885498049     
  -5.4659365110957925       -5.4659365110957925     
  -5.8079826315928074       -5.8079826315928074     
  -5.6054505167150461       -5.6054505167150461     
  -5.7508787379498187       -5.7508787379498187     
  -5.5797722451209761       -5.5797722451209761     
  -5.6410793636266376       -5.6410793636266376     
  -4.4383152311120604       -4.4383152311120604     
  -6.4480355490619834       -6.4480355490619834     
  -5.8967841736709170       -5.8967841736709170     
  -5.6916733139219939       -5.6916733139219939     
  -5.7554540256002573       -5.7554540256002573     
  -5.6003492498365581       -5.6003492498365581     
  -5.7301042180991413       -5.7301042180991413     
  -5.7135802096290638       -5.7135802096290638     
  -5.6862950631126932       -5.6862950631126932     
  -6.3524045573737888       -6.3524045573737888     
  -5.8325120267944275       -5.8325120267944275     
  -5.7313520584981372       -5.7313520584981372     
  -5.7869380776491504       -5.7869380776491504     
  -5.0894744922692796       -5.0894744922692796     
  -6.3821246065637087       -6.3821246065637087     
  -5.9791913976024222       -5.9791913976024222     
  -6.0253358184098342       -6.0253358184098342     
  -5.5821487989924776       -5.5821487989924776     
  -5.6052082471193430       -5.6052082471193430     
  -5.6090344415063598       -5.6090344415063598     
  -5.6583321300311500       -5.6583321300311500     
  -5.3952865733734923       -5.3952865733734923     
  -5.5792425503463301       -5.5792425503463301     
  -5.7471406147308723       -5.7471406147308723     
  -5.5371901096381340       -5.5371901096381340     
  -5.8685355604470075       -5.8685355604470075     
  -3.9990460869256985       -3.9990460869256985     
  -5.6802488841616201       -5.6802488841616201     
  -5.7546127918923196       -5.7546127918923196     
  -5.8799421709188024       -5.8799421709188024     
  -5.6765195570074205       -5.6765195570074205     
  -5.5751163048056522       -5.5751163048056522     
  -5.7041937788707173       -5.7041937788707173     
  -5.8780121645550079       -5.8780121645550079     
  -5.8892843728864754       -5.8892843728864754     
  -5.8108260307460089       -5.8108260307460089     
  -5.6322760701038987       -5.6322760701038987     
  -5.5955876870459029       -5.5955876870459029     
  -5.8694134885016780       -5.8694134885016780     
  -5.7695981774613081       -5.7695981774613081     
  -5.6794826793677942       -5.6794826793677942     
  -5.8492218768068831       -5.8492218768068831     
  -5.8085540845038164       -5.8085540845038164     
  -5.8511643386440362       -5.8511643386440362     
  -5.5617095211500942       -5.5617095211500942     
  -5.7742251971084304       -5.7742251971084304     
  -5.5212703297179591       -5.5212703297179591     
  -6.0422677022378766       -6.0422677022378766     
  -5.5978745465400301       -5.5978745465400301     
  -5.7877659451756109       -5.7877659451756109     
  -5.7337332024164169       -5.7337332024164169     
  -5.9222958246078097       -5.9222958246078097     
  -5.9468968356733924       -5.9468968356733924     
  -5.9471438928402325       -5.9471438928402325     
  -5.8684802126839806       -5.8684802126839806     
  -5.6096531064852204       -5.6096531064852204     
  -5.5959239844339859       -5.5959239844339859     
  -5.7849999975878372       -5.7849999975878372     
  -5.6231734244909521       -5.6231734244909521     
  -5.7166828318447083       -5.7166828318447083     
  -5.6707778846395911       -5.6707778846395911     
  -5.8421145912655099       -5.8421145912655099     
  -5.6504447028306615       -5.6504447028306615     
  -5.2226653396462668       -5.2226653396462668     
  -5.3889981894493264       -5.3889981894493264     
  -5.6597461057350547       -5.6597461057350547     
  -5.7012634560488644       -5.7012634560488644     
  -6.6835319613423581       -6.6835319613423581     
  -6.9356020251442629       -6.9356020251442629     
  -5.7290515761005345       -5.7290515761005345     
  -5.5850445161354783       -5.5850445161354783     
  -5.8514536545196290       -5.8514536545196290     
  -6.2234346675443053       -6.2234346675443053     
  -5.6018702111180652       -5.6018702111180652     
  -5.9422615158545256       -5.9422615158545256     
  -5.7675518165680550       -5.7675518165680550     
  -5.4793222842481182       -5.4793222842481182     
  -5.7836108179740329       -5.7836108179740329     
  -5.5934526270920326       -5.5934526270920326     
  -5.6818697824832523       -5.6818697824832523     
  -5.8036946323431344       -5.8036946323431344     
  -5.8153254792180515       -5.8153254792180515     
  -5.8683378926558944       -5.8683378926558944     
  -5.8265628818519417       -5.8265628818519417     
  -5.6894519311070688       -5.6894519311070688     
  -5.9269510159733230       -5.9269510159733230     
  -5.5735194180335821       -5.5735194180335821     
  -5.7348234634104109       -5.7348234634104109     
  -5.9478588891040767       -5.9478588891040767     
  -6.3878786696808252       -6.3878786696808252     
  -5.7640789875439911       -5.7640789875439911     
  -5.7392035412284983       -5.7392035412284983     
  -5.8360551627108554       -5.8360551627108554     
  -5.6054218143848029       -5.6054218143848029     
  -5.6233502702589675       -5.6233502702589675     
  -6.3833929505640814       -6.3833929505640814     
  -5.2645097298093866       -5.2645097298093866     
  -5.8613632049694679       -5.8613632049694679     
  -5.9814251441593864       -5.9814251441593864     
  -5.7064861030541376       -5.7064861030541376     
  -4.3829087734912200       -4.3829087734912200     
  -5.2454376264173037       -5.2454376264173037     
  -5.5733859927369185       -5.5733859927369185     
  -5.6712249656121250       -5.6712249656121250     
  -5.7081990421868234       -5.7081990421868234     
  -5.7650810909126768       -5.7650810909126768     
  -5.8555445822838461       -5.8555445822838461     
  -5.9454538182888133       -5.9454538182888133     
  -5.5313193053350229       -5.5313193053350229     
  -6.0534784222078315       -6.0534784222078315     
  -5.9648604058654398       -5.9648604058654398     
  -5.4550575524515104       -5.4550575524515104     
  -5.5043605527904944       -5.5043605527904944     
  -5.7374100727949324       -5.7374100727949324     
  -5.6024787319939833       -5.6024787319939833     
  -5.7346351257628108       -5.7346351257628108     
  -5.5929739858779932       -5.5929739858779932     
  -5.6412205338318788       -5.6412205338318788     
  -5.6587114874479258       -5.6587114874479258     
  -6.0445695246417515       -6.0445695246417515     
  -5.7266120877051003       -5.7266120877051003     
  -5.5609048283257891       -5.5609048283257891     
  -5.4317083393133689       -5.4317083393133689     
  -5.9849267932555117       -5.9849267932555117     
  -6.1075370244586402       -6.1075370244586402     
  -5.6944091607204417       -5.6944091607204417     
  -5.7460461226327126       -5.7460461226327126     
  -5.9591277088439707       -5.9591277088439707     
  -5.1874955289111142       -5.1874955289111142     
  -5.7096689403321399       -5.7096689403321399     
  -5.7046429290789629       -5.7046429290789629     
  -5.7169965081324321       -5.7169965081324321     
  -5.7482743846751383       -5.7482743846751383     
  -5.6835694748407253       -5.6835694748407253     
  -5.6336252166055871       -5.6336252166055871     
  -5.4533656484868525       -5.4533656484868525     
  -5.8055062407615994       -5.8055062407615994     
  -5.9237451557908205       -5.9237451557908205     
  -5.5782665732765793       -5.5782665732765793     
  -5.7041632011997532       -5.7041632011997532     
  -5.7507004599830616       -5.7507004599830616     
  -5.5168950897205784       -5.5168950897205784     
  -5.3961487118372542       -5.3961487118372542     
  -6.8513602960483677       -6.8513602960483677     
  -5.9118382468329305       -5.9118382468329305     
  -5.5288688281928744       -5.5288688281928744     
  -5.7197799450591855       -5.7197799450591855     
  -5.7500592473960399       -5.7500592473960399     
  -5.6569399464408523       -5.6569399464408523     
  -5.7936174541340577       -5.7936174541340577     
  -5.5138585897943724       -5.5138585897943724     
  -5.6223131528517563       -5.6223131528517563     
  -5.5798253879513906       -5.5798253879513906     
  -5.6107979049311778       -5.6107979049311778     
  -5.5534275485760123       -5.5534275485760123     
  -6.2632547334026629       -6.2632547334026629     
  -5.6832094557559900       -5.6832094557559900     
  -5.9053628951537220       -5.9053628951537220     
  -5.6354598829518281       -5.6354598829518281     
  -5.8617464734002489       -5.8617464734002489     
  -5.9120605174316534       -5.9120605174316534     
  -5.6155922156360916       -5.6155922156360916     
  -6.9523150374581419       -6.9523150374581419     
  -5.8144631096773800       -5.8144631096773800     
  -5.6791178649130885       -5.6791178649130885     
  -5.5761843712734898       -5.5761843712734898     
  -5.6584837035926387       -5.6584837035926387     
  -5.5265795272429949       -5.5265795272429949     
  -5.7236989661732594       -5.7236989661732594     
  -5.6158643530418200       -5.6158643530418200     
  -5.6911107598783648       -5.6911107598783648     
  -5.7825508992237866       -5.7825508992237866     
  -5.5470207700648775       -5.5470207700648775     
  -5.6516326764144367       -5.6516326764144367     
  -5.5569004637367163       -5.5569004637367163     
  -5.6509777945861437       -5.6509777945861437     
  -5.6992475679200627       -5.6992475679200627     
  -6.0246956263114892       -6.0246956263114892     
  -5.6861481611704674       -5.6861481611704674     
  -5.9358685381530059       -5.9358685381530059     
  -5.0632806973818010       -5.0632806973818010     
  -5.6445251164344459       -5.6445251164344459     
  -5.7216834784869022       -5.7216834784869022     
  -5.8157387259844171       -5.8157387259844171     
  -4.9508607380928051       -4.9508607380928051     
  -5.8093039362113634       -5.8093039362113634     
  -5.1937769525668473       -5.1937769525668473     
  -5.5909324926365400       -5.5909324926365400     
  -6.1013731173418897       -6.1013731173418897     
  -5.7968083541803699       -5.7968083541803699     
  -6.2561396372720006       -6.2561396372720006     
  -5.7338509023013984       -5.7338509023013984     
  -5.6625589606128637       -5.6625589606128637     
  -6.2669475209199534       -6.2669475209199534     
  -5.3593794190059061       -5.3593794190059061     
  -5.7933587636867010       -5.7933587636867010     
  -5.6448353947114827       -5.6448353947114827     
  -5.3003180324154524       -5.3003180324154524     
  -5.6824001087943730       -5.6824001087943730     
  -5.3897552036838547       -5.3897552036838547     
  -5.8552242973080446       -5.8552242973080446     
  -5.5757275294432294       -5.5757275294432294     
  -5.4847486877737470       -5.4847486877737470     
  -5.8090125206176184       -5.8090125206176184     
  -5.3747055705672828       -5.3747055705672828     
  -5.6994901967043523       -5.6994901967043523     
  -6.2573136212554310       -6.2573136212554310     
  -5.6085666060536834       -5.6085666060536834     
  -5.8709860504805054       -5.8709860504805054     
  -5.9630460424446596       -5.9630460424446596     
  -5.4349880351132853       -5.4349880351132853     
  -5.8042450803338239       -5.8042450803338239     
  -5.6757598623338508       -5.6757598623338508     
  -5.8513438250126999       -5.8513438250126999     
  -6.0444689972263586       -6.0444689972263586     
  -5.7859147638513662       -5.7859147638513662     
  -5.6852028937616446       -5.6852028937616446     
  -5.8732597654842449       -5.8732597654842449     
  -5.5604892488294100       -5.5604892488294100     
  -5.7335706560310591       -5.7335706560310591     
  -6.2332824843794912       -6.2332824843794912     
  -5.9176760901625460       -5.9176760901625460     
  -6.3535378441214441       -6.3535378441214441     
  -5.7859608164633585       -5.7859608164633585     
  -5.8815850023915885       -5.8815850023915885     
  -5.4630772349397727       -5.4630772349397727     
  -5.5835880676460814       -5.5835880676460814     
  -5.6806923969409615       -5.6806923969409615     
  -5.6561843948928914       -5.6561843948928914     
  -5.7032086132726789       -5.7032086132726789     
  -5.9233345952369962       -5.9233345952369962     
  -5.6935819411216819       -5.6935819411216819     
  -5.6146601570490979       -5.6146601570490979     
  -5.6485016920903641       -5.6485016920903641     
  -5.9464795887178070       -5.9464795887178070     
  -5.5894752005114485       -5.5894752005114485     
  -8.2203428112936532       -8.2203428112936532     
  -5.7580689229190671       -5.7580689229190671     
  -5.8267375054463164       -5.8267375054463164     
  -6.0088360818805899       -6.0088360818805899     
  -5.7098583833086618       -5.7098583833086618     
  -5.7493188755940707       -5.7493188755940707     
  -5.1666921786086553       -5.1666921786086553     
  -5.7356200390844272       -5.7356200390844272     
  -5.7998027332546354       -5.7998027332546354     
  -5.5638738039365521       -5.5638738039365521     
  -5.8154108994422922       -5.8154108994422922     
  -5.5576814199307947       -5.5576814199307947     
  -5.4429607693097708       -5.4429607693097708     
  -6.0006658460904507       -6.0006658460904507     
  -5.5045687906113665       -5.5045687906113665     
  -5.6238933051761126       -5.6238933051761126     
  -5.5430536278819087       -5.5430536278819087     
  -5.6521379424722351       -5.6521379424722351     
  -5.7111291884354678       -5.7111291884354678     
  -5.9972571780524850       -5.9972571780524850     
  -5.6003196160819835       -5.6003196160819835     
  -5.6611631351234593       -5.6611631351234593     
  -5.7510509930971576       -5.7510509930971576     
  -5.8161496030672879       -5.8161496030672879     
  -6.0131381039327305       -6.0131381039327305     
  -5.7616338516811290       -5.7616338516811290     
  -5.5733837106252029       -5.5733837106252029     
  -5.8650853214266050       -5.8650853214266050     
  -5.5526151111014395       -5.5526151111014395     
  -5.3047130281185879       -5.3047130281185879     
  -5.7073084227143021       -5.7073084227143021     
  -6.4558108036536392       -6.4558108036536392     
  -5.7233345534632729       -5.7233345534632729     
  -5.7675487286708034       -5.7675487286708034     
  -5.7321183272223362       -5.7321183272223362     
  -5.7515199115028892       -5.7515199115028892     
  -5.6184575066082916       -5.6184575066082916     
  -5.7285631528998451       -5.7285631528998451     
  -5.8349321207757585       -5.8349321207757585     
  -5.8076341196891228       -5.8076341196891228     
  -5.6613794049316883       -5.6613794049316883     
  -5.6631171837938830       -5.6631171837938830     
  -5.8404174613672986       -5.8404174613672986     
  -5.8518708560734316       -5.8518708560734316     
  -5.4313702994586484       -5.4313702994586484     
  -5.5768187287271180       -5.5768187287271180     
  -5.7637744666084529       -5.7637744666084529     
  -5.6145226635314671       -5.6145226635314671     
  -5.2130235717157873       -5.2130235717157873     
  -5.8173192597761290       -5.8173192597761290     
  -4.7550325051649418       -4.7550325051649418     
  -5.7939932673987498       -5.7939932673987498     
  -5.7677452351991167       -5.7677452351991167     
  -5.5834231988842484       -5.5834231988842484     
  -5.8087284794290994       -5.8087284794290994     
  -5.5777567331379858       -5.5777567331379858     
  -4.1952038928822430       -4.1952038928822430     
  -4.1341075761459711       -4.1341075761459711     
  -5.2075382883843950       -5.2075382883843950     
  -5.5881307703756251       -5.5881307703756251     
  -6.0345920489676690       -6.0345920489676690     
  -5.9179229298259743       -5.9179229298259743     
  -5.7262626557158169       -5.7262626557158169     
  -5.5384776149372392       -5.5384776149372392     
  -5.8168522775058840       -5.8168522775058840     
  -5.7740854074915759       -5.7740854074915759     
  -5.8523990407296029       -5.8523990407296029     
  -5.5929617287637594       -5.5929617287637594     
  -5.7505675771832090       -5.7505675771832090     
  -5.7480084909643150       -5.7480084909643150     
  -5.7106740885579246       -5.7106740885579246     
  -4.8645894299847638       -4.8645894299847638     
  -5.5307771867993676       -5.5307771867993676     
  -6.0681329515482503       -6.0681329515482503     
  -5.6596745660533507       -5.6596745660533507     
  -6.4930080246197068       -6.4930080246197068     
  -5.6132586192761442       -5.6132586192761442     
  -5.8135010388895090       -5.8135010388895090     
  -5.7385454002778884       -5.7385454002778884     
  -5.6111716058395871       -5.6111716058395871     
  -5.8522316988260101       -5.8522316988260101     
  -5.6897111403662457       -5.6897111403662457     
  -5.6366284849859678       -5.6366284849859678     
  -5.5544639972403083       -5.5544639972403083     
  -5.8118607223591088       -5.8118607223591088     
  -5.8161868530690262       -5.8161868530690262     
  -5.8016105650696002       -5.8016105650696002     
  -5.7170632697327441       -5.7170632697327441     
  -5.8367969522644971       -5.8367969522644971     
  -5.6094341968926287       -5.6094341968926287     
  -5.6451899498705078       -5.6451899498705078     
  -5.4931572655139966       -5.4931572655139966     
  -5.8138839856911986       -5.8138839856911986     
  -5.4476495455894227       -5.4476495455894227     
  -6.1720178300944575       -6.1720178300944575     
  -5.5437234691020585       -5.5437234691020585     
  -5.6211532868844829       -5.6211532868844829     
  -5.4970179282296225       -5.4970179282296225     
  -5.6784759913013634       -5.6784759913013634     
  -5.8012828081139851       -5.8012828081139851     
  -5.8055544902804304       -5.8055544902804304     
  -5.7934257790896551       -5.7934257790896551     
  -5.6707289804305407       -5.6707289804305407     
  -5.6380089270175429       -5.6380089270175429     
  -5.5828952164861914       -5.5828952164861914     
  -5.5372659724597151       -5.5372659724597151     
  -5.4747146312615182       -5.4747146312615182     
  -5.5368236068920922       -5.5368236068920922     
  -6.0176434830011445       -6.0176434830011445     
  -5.6549135799192989       -5.6549135799192989     
  -5.7493873708353105       -5.7493873708353105     
  -6.1355086006243615       -6.1355086006243615     
  -7.1499097292304130       -7.1499097292304130     
  -4.9514647915193013       -4.9514647915193013     
  -5.0568926412053372       -5.0568926412053372     
  -5.9019664201659454       -5.9019664201659454     
  -5.7639335023983662       -5.7639335023983662     
  -5.1756681113571847       -5.1756681113571847     
  -5.5213971429451805       -5.5213971429451805     
  -5.8611762049183316       -5.8611762049183316     
  -5.7876951838036694       -5.7876951838036694     
  -5.5364248994096190       -5.5364248994096190     
  -5.8027129244560740       -5.8027129244560740     
  -5.5703219865510398       -5.5703219865510398     
  -5.5402972885595183       -5.5402972885595183     
  -4.4916768518298751       -4.4916768518298751     
  -5.9243074769300730       -5.9243074769300730     
  -5.5441515530150909       -5.5441515530150909     
  -5.5659153496413616       -5.5659153496413616     
  -5.9455017010359654       -5.9455017010359654     
  -5.7849257553226536       -5.7849257553226536     
  -5.5395451621713816       -5.5395451621713816     
  -5.7095395454144100       -5.7095395454144100     
  -5.9119505346238386       -5.9119505346238386     
  -5.6732873973370417       -5.6732873973370417     
  -5.9922742884011821       -5.9922742884011821     
  -5.8953718843811842       -5.8953718843811842     
  -5.9474910331501079       -5.9474910331501079     
  -5.7945806205949566       -5.7945806205949566     
  -5.5177884749063288       -5.5177884749063288     
  -5.5654640626259395       -5.5654640626259395     
  -5.7565818516267644       -5.7565818516267644     
  -5.8658805957843967       -5.8658805957843967     
  -5.9838448341377184       -5.9838448341377184     
  -5.7620629179921625       -5.7620629179921625     
  -5.8228297398979336       -5.8228297398979336     
  -5.7052098599901040       -5.7052098599901040     
  -5.6792379973536686       -5.6792379973536686     
  -4.2196834672011718       -4.2196834672011718     
  -5.6497818379852447       -5.6497818379852447     
  -5.6923985948236115       -5.6923985948236115     
  -5.5556480983300380       -5.5556480983300380     
  -5.8833859056374962       -5.8833859056374962     
  -6.0367356881815244       -6.0367356881815244     
  -5.6496928145925018       -5.6496928145925018     
  -5.7947433780623943       -5.7947433780623943     
  -5.5716206373974977       -5.5716206373974977     
  -5.7930276699044345       -5.7930276699044345     
  -5.5971655874629356       -5.5971655874629356     
  -5.6799018296998458       -5.6799018296998458     
  -6.0446248140990004       -6.0446248140990004     
  -5.8378667377229103       -5.8378667377229103     
  -5.6307682814267697       -5.6307682814267697     
  -5.6568291485140065       -5.6568291485140065     
  -5.5940842463163367       -5.5940842463163367     
  -5.5813292823496727       -5.5813292823496727     
  -5.8479846416603802       -5.8479846416603802     
  -5.5637976708954255       -5.5637976708954255     
  -6.0094839482719813       -6.0094839482719813     
  -6.0491889990472583       -6.0491889990472583     
  -5.5428985951183236       -5.5428985951183236     
  -6.4826691861755812       -6.4826691861755812     
  -5.7953502458621440       -5.7953502458621440     
  -4.7711933647588260       -4.7711933647588260     
  -5.5387024271867418       -5.5387024271867418     
  -5.6475274650085243       -5.6475274650085243     
  -5.8561993924693061       -5.8561993924693061     
  -5.7786361298882154       -5.7786361298882154     
  -5.9465807627642295       -5.9465807627642295     
  -5.4099350022897541       -5.4099350022897541     
  -5.7098487905886017       -5.7098487905886017     
  -5.6936250011151870       -5.6936250011151870     
  -5.6802806171194096       -5.6802806171194096     
  -5.5745404988284708       -5.5745404988284708     
  -3.5709388522608716       -3.5709388522608716     
  -5.5425609004102760       -5.5425609004102760     
  -5.7347824745350628       -5.7347824745350628     
  -5.7715307845579620       -5.7715307845579620     
  -5.8127048777901091       -5.8127048777901091     
  -5.7022737172354994       -5.7022737172354994     
  -5.8732149749223508       -5.8732149749223508     
  -6.0516580068853090       -6.0516580068853090     
  -5.3780587225723568       -5.3780587225723568     
  -5.8904140916423424       -5.8904140916423424     
  -5.3501376737534585       -5.3501376737534585     
  -5.3816784308613776       -5.3816784308613776     
  -5.8944895725513771       -5.8944895725513771     
  -6.3234649796591036       -6.3234649796591036     
  -5.8245373457278813       -5.8245373457278813     
  -5.7321822459204705       -5.7321822459204705     
  -5.5700400119812254       -5.5700400119812254     
  -5.0692738159790327       -5.0692738159790327     
  -5.9260120169101906       -5.9260120169101906     
  -5.1625717310900843       -5.1625717310900843     
  -5.5289311245408044       -5.5289311245408044     
  -5.7770586794415575       -5.7770586794415575     
  -5.8041732623067972       -5.8041732623067972     
  -5.5622620244801233       -5.5622620244801233     
  -5.4712854613713446       -5.4712854613713446     
  -5.6171753535512545       -5.6171753535512545     
  -5.6263286807112989       -5.6263286807112989     
  -5.7244404354417018       -5.7244404354417018     
  -6.4154039101795668       -6.4154039101795668     
  -5.6731899789336317       -5.6731899789336317     
  -5.6330295971044562       -5.6330295971044562     
  -5.6258702451436822       -5.6258702451436822     
  -5.8338150932307258       -5.8338150932307258     
  -4.7384737613317114       -4.7384737613317114     
  -5.8496528817781819       -5.8496528817781819     
  -5.9564777318216162       -5.9564777318216162     
  -6.9940674609920990       -6.9940674609920990     
  -6.1075566199589773       -6.1075566199589773     
  -5.8677621858348878       -5.8677621858348878     
  -5.5802082330163696       -5.5802082330163696     
  -5.7303713941587695       -5.7303713941587695     
  -5.5572664510829366       -5.5572664510829366     
  -5.7928878774255192       -5.7928878774255192     
  -5.9598295865057640       -5.9598295865057640     
  -5.7567026508858259       -5.7567026508858259     
  -5.6835675203240861       -5.6835675203240861     
  -5.7454602991139847       -5.7454602991139847     
  -4.2492243933585341       -4.2492243933585341     
  -5.4064793004670584       -5.4064793004670584     
  -5.6500616804615831       -5.6500616804615831     
  -5.9801009162598699       -5.9801009162598699     
  -5.9129680704701943       -5.9129680704701943     
  -5.4957883192158166       -5.4957883192158166     
  -5.6029841063161534       -5.6029841063161534     
  -5.7519549246039547       -5.7519549246039547     
  -5.4949283580419106       -5.4949283580419106     
  -5.8418291758843228       -5.8418291758843228     
  -5.9695224858767872       -5.9695224858767872     
  -5.7604941946276096       -5.7604941946276096     
  -6.6548528112308478       -6.6548528112308478     
  -5.7908550040298508       -5.7908550040298508     
  -5.5760920467027768       -5.5760920467027768     
  -5.0954836615133434       -5.0954836615133434     
  -5.5599864920649704       -5.5599864920649704     
  -5.2488790040066480       -5.2488790040066480     
  -5.5207686523009070       -5.5207686523009070     
  -5.0529624856591067       -5.0529624856591067     
  -5.9219303739787712       -5.9219303739787712     
  -5.8032777609386876       -5.8032777609386876     
  -3.6763390258253086       -3.6763390258253086     
  -5.8125839076897927       -5.8125839076897927     
  -5.5091562648900796       -5.5091562648900796     
  -5.6662531998979144       -5.6662531998979144     
  -5.6169768083875553       -5.6169768083875553     
  -5.6981634510025652       -5.6981634510025652     
  -6.2693402305822357       -6.2693402305822357     
  -5.5413822173677287       -5.5413822173677287     
  -5.4036989396205879       -5.4036989396205879     
  -5.8469154118075979       -5.8469154118075979     
  -5.7896343496233396       -5.7896343496233396     
  -5.3841364504705087       -5.3841364504705087     
  -5.3742255570014716       -5.3742255570014716     
  -6.8340791489267456       -6.8340791489267456     
  -5.6834155269588909       -5.6834155269588909     
  -5.7771243700229373       -5.7771243700229373     
  -5.8526269405362186       -5.8526269405362186     
  -5.6642934604790689       -5.6642934604790689     
  -5.6453201965121966       -5.6453201965121966     
  -6.3833924027199025       -6.3833924027199025     
  -5.5967981323831797       -5.5967981323831797     
  -5.6981729220774682       -5.6981729220774682     
  -5.2844786767486553       -5.2844786767486553     
  -3.6564481132803275       -3.6564481132803275     
  -5.5812198849201176       -5.5812198849201176     
  -5.7194821155629079       -5.7194821155629079     
  -5.7124765788621108       -5.7124765788621108     
  -5.7357501837066120       -5.7357501837066120     
  -5.6563801347119194       -5.6563801347119194     
  -5.6814266038848329       -5.6814266038848329     
  -5.7354630599019245       -5.7354630599019245     
  -5.8883599990742628       -5.8883599990742628     
  -5.8850032074793077       -5.8850032074793077     
  -5.3932970017321820       -5.3932970017321820     
  -5.9240018410768496       -5.9240018410768496     
  -5.9371844019305140       -5.9371844019305140     
  -5.6796564110334931       -5.6796564110334931     
  -6.3733701345518803       -6.3733701345518803     
  -6.5649492927360154       -6.5649492927360154     
  -5.6744789981274675       -5.6744789981274675     
  -5.7276688607212041       -5.7276688607212041     
  -5.6395103113056368       -5.6395103113056368     
  -5.6756757502958095       -5.6756757502958095     
  -5.1780264856158924       -5.1780264856158924     
  -5.8119438600283910       -5.8119438600283910     
  -5.5759442645546082       -5.5759442645546082     
  -5.7383292466530911       -5.7383292466530911     
  -5.7456166940163458       -5.7456166940163458     
  -5.5417730183835037       -5.5417730183835037     
  -5.0018457023538332       -5.0018457023538332     
  -6.4494591136361894       -6.4494591136361894     
  -4.8478849890765554       -4.8478849890765554     
  -5.7399452356775669       -5.7399452356775669     
  -5.4135428094746647       -5.4135428094746647     
  -7.3862780268864041       -7.3862780268864041     
  -2.7355111127977469       -2.7355111127977469     
  -5.7410020933704846       -5.7410020933704846     
  -5.3194271981182606       -5.3194271981182606     
  -5.6278939302093853       -5.6278939302093853     
  -7.1819556829718394       -7.1819556829718394     
  -5.2645054853424647       -5.2645054853424647     
  -5.7324201884790629       -5.7324201884790629     
  -5.7102955415828234       -5.7102955415828234     
  -5.7902870695409270       -5.7902870695409270     
  -5.2053152988188280       -5.2053152988188280     
  -5.7864078483573635       -5.7864078483573635     
  -5.4636769905143172       -5.4636769905143172     
  -5.7478264590506907       -5.7478264590506907     
  -5.6347517505863358       -5.6347517505863358     
  -5.6711379243977795       -5.6711379243977795     
  -5.7362523798079277       -5.7362523798079277     
  -5.5486455009413973       -5.5486455009413973     
  -6.1599956998179870       -6.1599956998179870     
  -5.6349112501364393       -5.6349112501364393     
  -5.7189046373256200       -5.7189046373256200     
  -5.3344476425659941       -5.3344476425659941     
  -5.9649274671484189       -5.9649274671484189     
  -5.8346909710910069       -5.8346909710910069     
  -5.5738459200860291       -5.5738459200860291     
  -5.5906127660428613       -5.5906127660428613     
  -5.5910010913169153       -5.5910010913169153     
  -5.5332819524440620       -5.5332819524440620     
  -6.7066340221853018       -6.7066340221853018     
  -5.5797189309557185       -5.5797189309557185     
  -5.8575256802192985       -5.8575256802192985     
  -5.7303527894015609       -5.7303527894015609     
  -4.7794690166821896       -4.7794690166821896     
  -5.9119426447155821       -5.9119426447155821     
  -5.7386711398324461       -5.7386711398324461     
  -5.7084461506939990       -5.7084461506939990     
  -5.6699178438724651       -5.6699178438724651     
  -5.2305096762664931       -5.2305096762664931     
  -5.4967457870198242       -5.4967457870198242     
  -5.0748897194243936       -5.0748897194243936     
  -5.7927961291128049       -5.7927961291128049     
  -6.4340937458234171       -6.4340937458234171     
  -5.6649693345619667       -5.6649693345619667     
  -3.9054441894093088       -3.9054441894093088     
  -5.8226289244837828       -5.8226289244837828     
  -5.8661953722029274       -5.8661953722029274     
  -5.5937725951852304       -5.5937725951852304     
  -5.9271258769011093       -5.9271258769011093     
  -5.4296989542506173       -5.4296989542506173     
  -5.9089916938324940       -5.9089916938324940     
  -5.3976711038005103       -5.3976711038005103     
  -5.7814832934497620       -5.7814832934497620     
  -5.7720828597699985       -5.7720828597699985     
  -5.8931202698696294       -5.8931202698696294     
  -5.5761212315680408       -5.5761212315680408     
  -5.7829542842390058       -5.7829542842390058     
  -5.6863291474603077       -5.6863291474603077     
  -5.5630216250923814       -5.5630216250923814     
  -5.7122410649974400       -5.7122410649974400     
  -5.6925499656079772       -5.6925499656079772     
  -6.6571771690707946       -6.6571771690707946     
  -5.4759528167983147       -5.4759528167983147     
  -5.6845049560002501       -5.6845049560002501     
  -5.8300606474933439       -5.8300606474933439     
  -5.8023995893018974       -5.8023995893018974     
  -5.8232508991327201       -5.8232508991327201     
  -5.8459002001096660       -5.8459002001096660     
  -5.6820553809857808       -5.6820553809857808     
  -5.6612228815276380       -5.6612228815276380     
  -5.9296266208722006       -5.9296266208722006     
  -6.0990049730297944       -6.0990049730297944     
  -5.6691518401299064       -5.6691518401299064     
  -5.4376803624848709       -5.4376803624848709     
  -5.7746956214965630       -5.7746956214965630     
  -5.6432783150149044       -5.6432783150149044     
  -5.6675422669337401       -5.6675422669337401     
  -5.6266508068664027       -5.6266508068664027     
  -5.7228481481430986       -5.7228481481430986     
  -5.5027862818834610       -5.5027862818834610     
  -5.6369512377752748       -5.6369512377752748     
  -6.6349826532545713       -6.6349826532545713     
  -5.4934955600049964       -5.4934955600049964     
  -5.9392902761768678       -5.9392902761768678     
  -5.7335085181516909       -5.7335085181516909     
  -5.8186017649717527       -5.8186017649717527     
  -5.5368072151073058       -5.5368072151073058     
  -5.8100344920048386       -5.8100344920048386     
  -5.4268728896234091       -5.4268728896234091     
  -5.7641182314349191       -5.7641182314349191     
  -6.2930640352753189       -6.2930640352753189     
  -5.7363754535185052       -5.7363754535185052     
  -5.4840956343608163       -5.4840956343608163     
  -5.7799467762992789       -5.7799467762992789     
  -6.2086847267893468       -6.2086847267893468     
  -5.9703093705878683       -5.9703093705878683     
  -5.8882693582959034       -5.8882693582959034     
  -5.9449053750978074       -5.9449053750978074     
  -5.5858957760818200       -5.5858957760818200     
  -5.9165495697294865       -5.9165495697294865     
  -5.7092589068426260       -5.7092589068426260     
  -5.9913278368908394       -5.9913278368908394     
  -5.7339011416849264       -5.7339011416849264     
  -5.7908345863854187       -5.7908345863854187     
  -5.3619996865983985       -5.3619996865983985     
  -5.6762578482510317       -5.6762578482510317     
  -5.1287144802156384       -5.1287144802156384     
  -6.0612816632372102       -6.0612816632372102     
  -5.7885054924461823       -5.7885054924461823     
  -5.8934479189255811       -5.8934479189255811     
  -5.6795107098630915       -5.6795107098630915     
  -5.5904849775209051       -5.5904849775209051     
  -5.2181417011706026       -5.2181417011706026     
  -7.3160784078893215       -7.3160784078893215     
  -5.7289123834897362       -5.7289123834897362     
  -5.6861307242476418       -5.6861307242476418     
  -5.7895663512528763       -5.7895663512528763     
  -5.6856931396367010       -5.6856931396367010     
  -5.8641504046639117       -5.8641504046639117     
  -5.4807200191652941       -5.4807200191652941     
  -5.7522400406496521       -5.7522400406496521     
  -5.5403447144775324       -5.5403447144775324     
  -5.7020089514849150       -5.7020089514849150     
  -5.8135928588651788       -5.8135928588651788     
  -6.0319021945580129       -6.0319021945580129     
  -5.7290963432241240       -5.7290963432241240     
  -5.8379023080487125       -5.8379023080487125     
  -5.6009244530375266       -5.6009244530375266     
  -5.5672824471282993       -5.5672824471282993     
  -5.9128870947336019       -5.9128870947336019     
  -5.6898596422231567       -5.6898596422231567     
  -5.6171727371675573       -5.6171727371675573     
  -6.1082660223920113       -6.1082660223920113     
  -5.5003501840754705       -5.5003501840754705     
  -5.6392046355532646       -5.6392046355532646     
  -5.6824187987337940       -5.6824187987337940     
  -5.7142044538907761       -5.7142044538907761     
  -5.7030993671823209       -5.7030993671823209     
  -5.7282899309464153       -5.7282899309464153     
  -5.5790670494823704       -5.5790670494823704     
  -5.8150268026501433       -5.8150268026501433     
  -5.8324912697724365       -5.8324912697724365     
  -5.2883950037382093       -5.2883950037382093     
  -5.6799197518836433       -5.6799197518836433     
  -5.7182848130327866       -5.7182848130327866     
  -5.4432183036264847       -5.4432183036264847     
  -5.8986118793782767       -5.8986118793782767     
  -5.5146931051322383       -5.5146931051322383     
  -5.9592905495611639       -5.9592905495611639     
  -5.7380484400578036       -5.7380484400578036     
  -5.3292652351616328       -5.3292652351616328     
  -5.1777145416781885       -5.1777145416781885     
  -5.9424890061875750       -5.9424890061875750     
  -5.8773084460573894       -5.8773084460573894     
  -5.6592275611008365       -5.6592275611008365     
  -5.9488416990061381       -5.9488416990061381     
  -5.7917808366363950       -5.7917808366363950     
  -5.4354642409032063       -5.4354642409032063     
  -5.9283813444357172       -5.9283813444357172     
  -5.8654353982513650       -5.8654353982513650     
  -5.6554106940008388       -5.6554106940008388     
  -5.8439984989831419       -5.8439984989831419     
  -5.6484126415638638       -5.6484126415638638     
  -5.5893284865549981       -5.5893284865549981     
  -5.6144913859705206       -5.6144913859705206     
  -5.8311249915832821       -5.8311249915832821     
  -5.0990666226609669       -5.0990666226609669     
  -5.4218424293484890       -5.4218424293484890     
  -6.4025664163743166       -6.4025664163743166     
  -5.6392014104025616       -5.6392014104025616     
  -5.5461642113999652       -5.5461642113999652     
  -5.5796092003709052       -5.5796092003709052     
  -5.7718602346819221       -5.7718602346819221     
  -5.7991115672855909       -5.7991115672855909     
  -5.8672536795988544       -5.8672536795988544     
  -5.6361285978221742       -5.6361285978221742     
  -5.8239159560422396       -5.8239159560422396     
  -5.9053287926831919       -5.9053287926831919     
  -5.9249112059209867       -5.9249112059209867     
  -5.8112368635140061       -5.8112368635140061     
  -5.7904043740623985       -5.7904043740623985     
  -5.5537310155663064       -5.5537310155663064     
  -5.6651551689172184       -5.6651551689172184     
  -5.5563630382684845       -5.5563630382684845     
  -5.5307516067293454       -5.5307516067293454     
  -5.6151040667794447       -5.6151040667794447     
  -5.7270173161247122       -5.7270173161247122     
  -6.0758837590868948       -6.0758837590868948     
  -5.5589836188259598       -5.5589836188259598     
  -5.5767589882796722       -5.5767589882796722     
  -7.9645188125698301       -7.9645188125698301     
  -7.2292519373282946       -7.2292519373282946     
  -5.7082134820628276       -5.7082134820628276     
  -5.4977471407939351       -5.4977471407939351     
  -5.7751193722047951       -5.7751193722047951     
  -5.5108798334541209       -5.5108798334541209     
  -5.9192543089412535       -5.9192543089412535     
  -5.5127769293611557       -5.5127769293611557     
  -5.7336025529297867       -5.7336025529297867     
  -3.3789432513383169       -3.3789432513383169     
  -5.9267488766325886       -5.9267488766325886     
  -4.6675062090423856       -4.6675062090423856     
  -5.5048473962702644       -5.5048473962702644     
  -5.7344531837499444       -5.7344531837499444     
  -5.5198391417757158       -5.5198391417757158     
  -5.6379735149922290       -5.6379735149922290     
  -5.8100349917303120       -5.8100349917303120     
  -5.5903387128719828       -5.5903387128719828     
  -5.8525821275632293       -5.8525821275632293     
  -5.5970997470915442       -5.5970997470915442     
  -5.6484297060713509       -5.6484297060713509     
  -5.8227483709697143       -5.8227483709697143     
  -5.7772890218031705       -5.7772890218031705     
  -5.7287598345683781       -5.7287598345683781     
  -5.4232571649858254       -5.4232571649858254     
  -5.8022657026522815       -5.8022657026522815     
  -5.7216958733132159       -5.7216958733132159     
  -5.3829686383889710       -5.3829686383889710     
  -5.6125126633677436       -5.6125126633677436     
  -5.9621533476510740       -5.9621533476510740     
  -5.8802419521966520       -5.8802419521966520     
  -5.5871764593004354       -5.5871764593004354     
  -5.1573985980669672       -5.1573985980669672     
  -5.5359052796766601       -5.5359052796766601     
  -5.6164359094308294       -5.6164359094308294     
  -5.7683029791701355       -5.7683029791701355     
  -5.8738560955007113       -5.8738560955007113     
  -5.9049128457013991       -5.9049128457013991     
  -4.7536679825746058       -4.7536679825746058     
  -5.6228232698804952       -5.6228232698804952     
  -5.5295143807592861       -5.5295143807592861     
  -5.5672500529686033       -5.5672500529686033     
  -5.7002214570221712       -5.7002214570221712     
  -6.0560749402057468       -6.0560749402057468     
  -5.7794166206360567       -5.7794166206360567     
  -5.8201821207530688       -5.8201821207530688     
  -5.5385962400077613       -5.5385962400077613     
  -5.5385214985690503       -5.5385214985690503     
  -5.8078816229044374       -5.8078816229044374     
  -5.5632054523441585       -5.5632054523441585     
  -5.5632946669210996       -5.5632946669210996     
  -5.7784590281377977       -5.7784590281377977     
  -5.8388747979046371       -5.8388747979046371     
  -6.5068665936511154       -6.5068665936511154     
  -6.0159633852323289       -6.0159633852323289     
  -5.6857868965880165       -5.6857868965880165     
  -5.7191563210556797       -5.7191563210556797     
  -5.7739112099556920       -5.7739112099556920     
  -5.3615942092309208       -5.3615942092309208     
  -5.9086088467763265       -5.9086088467763265     
  -5.8844869916810048       -5.8844869916810048     
  -5.5433179525469827       -5.5433179525469827     
  -5.6258495410581144       -5.6258495410581144     
  -5.9832027349068921       -5.9832027349068921     
  -5.9582976043521851       -5.9582976043521851     
  -5.2194871721634986       -5.2194871721634986     
  -5.7306869374083300       -5.7306869374083300     
  -5.6799390722564711       -5.6799390722564711     
  -5.8093335144684213       -5.8093335144684213     
  -5.3635363167768295       -5.3635363167768295     
  -5.6133932268046687       -5.6133932268046687     
  -5.6997856908100664       -5.6997856908100664     
  -5.7171775720545437       -5.7171775720545437     
  -5.6347304664941982       -5.6347304664941982     
  -5.6734888790291862       -5.6734888790291862     
  -5.7538125371244835       -5.7538125371244835     
  -5.2371636472984928       -5.2371636472984928     
  -5.5188666076270483       -5.5188666076270483     
  -5.7818792422497758       -5.7818792422497758     
  -5.4332480039430902       -5.4332480039430902     
  -5.7723085166849248       -5.7723085166849248     
  -5.6832050648745565       -5.6832050648745565     
  -5.7552157892731071       -5.7552157892731071     
  -5.7557890080778566       -5.7557890080778566     
  -5.4255037449189736       -5.4255037449189736     
  -5.6141662831327928       -5.6141662831327928     
  -6.1539071861436669       -6.1539071861436669     
  -5.5935203253632082       -5.5935203253632082     
  -5.4549237624752838       -5.4549237624752838     
  -5.8013208571759431       -5.8013208571759431     
  -5.6680678273505887       -5.6680678273505887     
  -5.7449403483676607       -5.7449403483676607     
  -5.7537579740846780       -5.7537579740846780     
  -5.6370221989366138       -5.6370221989366138     
  -5.6211159151518961       -5.6211159151518961     
  -6.4381780807407107       -6.4381780807407107     
  -5.8426748259743935       -5.8426748259743935     
  -3.4723586269452902       -3.4723586269452902     
  -5.3105478326376927       -5.3105478326376927     
  -5.6102228286672151       -5.6102228286672151     
  -5.5511452497575853       -5.5511452497575853     
  -5.5502757776760170       -5.5502757776760170     
  -5.5510288147937246       -5.5510288147937246     
  -5.7280432832480841       -5.7280432832480841     
  -5.4685743712835251       -5.4685743712835251     
  -5.6224580424087387       -5.6224580424087387     
  -5.8001798364061354       -5.8001798364061354     
  -5.6222767872333126       -5.6222767872333126     
  -5.7464065336602612       -5.7464065336602612     
