  -10.000000000000000        3.7200759760208356E-044
  -9.9599198396793582        5.5541516599268480E-044
  -9.9198396793587182        8.2924652239131973E-044
  -9.8797595190380765        1.2380824957652739E-043
  -9.8396793587174347        1.8484832012319515E-043
  -9.7995991983967929        2.7598242903229979E-043
  -9.7595190380761530        4.1204757004989304E-043
  -9.7194388777555112        6.1519568683900973E-043
  -9.6793587174348694        9.1850009711134619E-043
  -9.6392785571142277        1.3713399596937107E-042
  -9.5991983967935877        2.0474393970855724E-042
  -9.5591182364729459        3.0568700744887059E-042
  -9.5190380761523041        4.5639713026944528E-042
  -9.4789579158316641        6.8141051285283100E-042
  -9.4388777555110224        1.0173602247504094E-041
  -9.3987975951903806        1.5189402091419513E-041
  -9.3587174348697388        2.2678096733280674E-041
  -9.3186372745490988        3.3858875309815773E-041
  -9.2785571142284571        5.0552012839916291E-041
  -9.2384769539078153        7.5475218204492880E-041
  -9.1983967935871753        1.1268608791216402E-040
  -9.1583166332665336        1.6824269887559497E-040
  -9.1182364729458918        2.5118988731783498E-040
  -9.0781563126252500        3.7503178391950583E-040
  -9.0380761523046100        5.5993033975877969E-040
  -8.9979959919839683        8.3598777177157625E-040
  -8.9579158316633265        1.2481473228485592E-039
  -8.9178356713426847        1.8635101997158104E-039
  -8.8777555110220447        2.7822599150550423E-039
  -8.8376753507014030        4.1539725600121293E-039
  -8.7975951903807612        6.2019683840330058E-039
  -8.7575150300601194        9.2596692156369601E-039
  -8.7174348697394795        1.3824880856173881E-038
  -8.6773547094188377        2.0640837835183771E-038
  -8.6372745490981959        3.0817204934398557E-038
  -8.5971943887775559        4.6010735007562241E-038
  -8.5571142284569142        6.8694994904393012E-038
  -8.5170340681362724        1.0256307194699181E-037
  -8.4769539078156306        1.5312882316745209E-037
  -8.4368737474949906        2.2862455306298858E-037
  -8.3967935871743489        3.4134126536122114E-037
  -8.3567134268537071        5.0962968708920225E-037
  -8.3166332665330671        7.6088783958712316E-037
  -8.2765531062124253        1.1360215448560246E-036
  -8.2364729458917836        1.6961040553327159E-036
  -8.1963927855711418        2.5323190211860607E-036
  -8.1563126252505018        3.7808055495762042E-036
  -8.1162324649298601        5.6448221902986483E-036
  -8.0761523046092183        8.4278382324263410E-036
  -8.0360721442885765        1.2582939706058181E-035
  -7.9959919839679365        1.8786593581864273E-035
  -7.9559118236472948        2.8048779272162399E-035
  -7.9158316633266530        4.1877417277923357E-035
  -7.8757515030060121        6.2523864616447964E-035
  -7.8356713426853712        9.3349444657292663E-035
  -7.7955911823647295        1.3937268387489718E-034
  -7.7555110220440877        2.0808634782782841E-034
  -7.7154308617234468        3.1067729305687050E-034
  -7.6753507014028060        4.6384773162055116E-034
  -7.6352705410821642        6.9253441734523265E-034
  -7.5951903807615233        1.0339684480769051E-033
  -7.5551102204408824        1.5437366358149252E-033
  -7.5150300601202407        2.3048312597832093E-033
  -7.4749498997995989        3.4411615380686786E-033
  -7.4348697394789580        5.1377265389036929E-033
  -7.3947895791583171        7.6707337614177628E-033
  -7.3547094188376754        1.1452566810048602E-032
  -7.3146292585170336        1.7098923078042615E-032
  -7.2745490981963927        2.5529051720727170E-032
  -7.2344689378757518        3.8115411057464642E-032
  -7.1943887775551101        5.6907110219843975E-032
  -7.1543086172344692        8.4963512231078215E-032
  -7.1142284569138283        1.2685231041872904E-031
  -7.0741482965931866        1.8939316697272571E-031
  -7.0340681362725448        2.8276798095009537E-031
  -6.9939879759519039        4.2217854175334096E-031
  -6.9539078156312630        6.3032144063169571E-031
  -6.9138276553106213        9.4108316559618759E-031
  -6.8737474949899795        1.4050569558303025E-030
  -6.8336673346693386        2.0977795813363836E-030
  -6.7935871743486977        3.1320290281551765E-030
  -6.7535070140280560        4.6761852010007755E-030
  -6.7134268537074151        6.9816428383930266E-030
  -6.6733466933867742        1.0423739571403657E-029
  -6.6332665330661325        1.5562862376021678E-029
  -6.5931863727454907        2.3235680791512349E-029
  -6.5531062124248498        3.4691360033929014E-029
  -6.5130260521042089        5.1794930038946289E-029
  -6.4729458917835672        7.7330919719365758E-029
  -6.4328657314629254        1.1545668929654664E-028
  -6.3927855711422845        1.7237926500415018E-028
  -6.3527054108216436        2.5736586753366930E-028
  -6.3126252505010019        3.8425265225352922E-028
  -6.2725450901803610        5.7369729008277910E-028
  -6.2324649298597201        8.5654211810402350E-028
  -6.1923847695390783        1.2788353941505831E-027
  -6.1523046092184366        1.9093281354947476E-027
  -6.1122244488977957        2.8506670566568324E-027
  -6.0721442885771548        4.2561058609251432E-027
  -6.0320641282565131        6.3544555500092760E-027
  -5.9919839679358722        9.4873357610203451E-027
  -5.9519038076152304        1.4164791795924158E-026
  -5.9118236472945895        2.1148332016058042E-026
  -5.8717434869739478        3.1574904418300241E-026
  -5.8316633266533069        4.7141996270333793E-026
  -5.7915831663326651        7.0383991758471879E-026
  -5.7515030060120242        1.0508477976725115E-025
  -5.7114228456913834        1.5689378597090455E-025
  -5.6713426853707416        2.3424572170018133E-025
  -5.6312625250501007        3.4973378834145842E-025
  -5.5911823647294590        5.2215990038111426E-025
  -5.5511022044088181        7.7959571152391417E-025
  -5.5110220440881763        1.1639527910566922E-024
  -5.4709418837675354        1.7378059932633252E-024
  -5.4308617234468937        2.5945808914468959E-024
  -5.3907815631262528        3.8737638311512391E-024
  -5.3507014028056110        5.7836108594661486E-024
  -5.3106212424849701        8.6350526340149959E-024
  -5.2705410821643293        1.2892315165044126E-023
  -5.2304609218436875        1.9248497647841814E-023
  -5.1903807615230466        2.8738411755829984E-023
  -5.1503006012024048        4.2907053077996150E-023
  -5.1102204408817640        6.4061132517682621E-023
  -5.0701402805611222        9.5644617960320907E-023
  -5.0300601202404813        1.4279942588043704E-022
  -4.9899799599198396        2.1320254570144511E-022
  -4.9498997995991987        3.1831588406829630E-022
  -4.9098196392785569        4.7525230862895358E-022
  -4.8697394789579160        7.0956169064025244E-022
  -4.8296593186372752        1.0593905251648972E-021
  -4.7895791583166334        1.5816923314961976E-021
  -4.7494989979959925        2.3614999115878019E-021
  -4.7094188376753507        3.5257690268713570E-021
  -4.6693386773547099        5.2640472988572083E-021
  -4.6292585170340681        7.8593333123682010E-021
  -4.5891783567134272        1.1734149905588761E-020
  -4.5490981963927855        1.7519332560962526E-020
  -4.5090180360721446        2.6156731919319841E-020
  -4.4689378757515028        3.9052550793155675E-020
  -4.4288577154308619        5.8306279551900948E-020
  -4.3887775551102211        8.7052501466312345E-020
  -4.3486973947895793        1.2997121527530732E-019
  -4.3086172344689384        1.9404975750957739E-019
  -4.2685370741482966        2.8972036854286684E-019
  -4.2284569138276558        4.3255860262783991E-019
  -4.1883767535070140        6.4581908979473995E-019
  -4.1482965931863731        9.6422148168937969E-019
  -4.1082164328657313        1.4396029483222029E-018
  -4.0681362725450905        2.1493574745782311E-018
  -4.0280561122244487        3.2090359073725536E-018
  -3.9879759519038078        4.7911580910137231E-018
  -3.9478957915831669        7.1532997808930765E-018
  -3.9078156312625252        1.0680026996249473E-017
  -3.8677354709418843        1.5945504890664068E-017
  -3.8276553106212425        2.3806974112282878E-017
  -3.7875751503006017        3.5544312975297657E-017
  -3.7474949899799599        5.3068406716756569E-017
  -3.7074148296593190        7.9232247178677389E-017
  -3.6673346693386772        1.1829541117541964E-016
  -3.6272545090180364        1.7661753646345454E-016
  -3.5871743486973955        2.6369369594702744E-016
  -3.5470941883767537        3.9370023313959997E-016
  -3.5070140280561128        5.8780272701442072E-016
  -3.4669338677354711        8.7760183205956827E-016
  -3.4268537074148302        1.3102779899410195E-015
  -3.3867735470941884        1.9562725922014237E-015
  -3.3466933867735476        2.9207561176927732E-015
  -3.3066132264529058        4.3607503029217511E-015
  -3.2665330661322649        6.5106919024288954E-015
  -3.2264529058116231        9.7205999206036342E-015
  -3.1863727454909823        1.4513060091384119E-014
  -3.1462925851703414        2.1668303904749681E-014
  -3.1062124248496996        3.2351233382360762E-014
  -3.0661322645290587        4.8301071738731795E-014
  -3.0260521042084170        7.2114515806441165E-014
  -2.9859719438877761        1.0766848856124158E-013
  -2.9458917835671343        1.6075131753192281E-013
  -2.9058116232464934        2.4000509743897744E-013
  -2.8657314629258517        3.5833265743064419E-013
  -2.8256513026052108        5.3499819275274159E-013
  -2.7855711422845690        7.9876355200495954E-013
  -2.7454909819639282        1.1925707799659112E-012
  -2.7054108216432873        1.7805332524979810E-012
  -2.6653306613226455        2.6583735879733385E-012
  -2.6252505010020046        3.9690076685266220E-012
  -2.5851703406813629        5.9258119114938524E-012
  -2.5450901803607220        8.8473617949455074E-012
  -2.5050100200400802        1.3209297206805325E-011
  -2.4649298597194393        1.9721758501728883E-011
  -2.4248496993987976        2.9445000162377152E-011
  -2.3847695390781567        4.3962004426847778E-011
  -2.3446893787575149        6.5636197064172065E-011
  -2.3046092184368741        9.7996222446349193E-011
  -2.2645290581162332        1.4631042082179238E-010
  -2.2244488977955914        2.1844453496419232E-010
  -2.1843687374749505        3.2614228423377822E-010
  -2.1442885771543088        4.8693728857540846E-010
  -2.1042084168336679        7.2700761124372815E-010
  -2.0641282565130261        1.0854376510988981E-009
  -2.0240480961923852        1.6205812373811643E-009
  -1.9839679358717444        2.4195618639173730E-009
  -1.9438877755511026        3.6124567383476084E-009
  -1.9038076152304608        5.3934738654005260E-009
  -1.8637274549098208        8.0525698764550595E-009
  -1.8236472945891791        1.2022656111520345E-008
  -1.7835671342685373        1.7950078286881976E-008
  -1.7434869739478955        2.6799844108894845E-008
  -1.7034068136272555        4.0012730287210485E-008
  -1.6633266533066138        5.9739846549193123E-008
  -1.6232464929859720        8.9192844512079314E-008
  -1.5831663326653302        1.3316678659503515E-007
  -1.5430861723446903        1.9882079963471031E-007
  -1.5030060120240485        2.9684360566623896E-007
  -1.4629258517034067        4.4319368058278317E-007
  -1.4228456913827667        6.6169734023812377E-007
  -1.3827655310621250        9.8792772120526252E-007
  -1.3426853707414832        1.4749961440016702E-006
  -1.3026052104208414        2.2021986585466249E-006
  -1.2625250501002014        3.2879253364097178E-006
  -1.2224448897795597        4.9089337100332242E-006
  -1.1823647294589179        7.3291235187373310E-006
  -1.1422845691382761        1.0942495994419115E-005
  -1.1022044088176361        1.6337288486547059E-005
  -1.0621242484969944        2.4391718793377894E-005
  -1.0220440881763526        3.6416911144183978E-005
 -0.98196392785571263        5.4370237952633559E-005
 -0.94188376753507086        8.1173732673097123E-005
 -0.90180360721442909        1.2118923980851095E-004
 -0.86172344689378733        1.8092727327025823E-004
 -0.82164328657314734        2.7010413008191184E-004
 -0.78156312625250557        4.0321745084024940E-004
 -0.74148296593186380        6.0189248015019784E-004
 -0.70140280561122204        8.9837154193125673E-004
 -0.66132264529058205        1.3406937887231762E-003
 -0.62124248496994028        2.0003617997752738E-003
 -0.58116232464929851        2.9836397052928252E-003
 -0.54108216432865852        4.4480936885691758E-003
 -0.50100200400801675        6.6265653314454996E-003
 -0.46092184368737499        9.8613838900490670E-003
 -0.42084168336673322        1.4652017320245073E-002
 -0.38076152304609323        2.1718878165816007E-002
 -0.34068136272545146        3.2083199294080315E-002
 -0.30060120240480970        4.7155007822604428E-002
 -0.26052104208416793        6.8803838403404816E-002
 -0.22044088176352794        9.9355273893031323E-002
 -0.18036072144288617       0.14141252809777716     
 -0.14028056112224441       0.19737128073610755     
 -0.10020040080160442       0.26854759197157452     
  -6.0120240480962650E-002  0.35406865070669996     
  -2.0040080160320883E-002  0.45006679963112323     
   2.0040080160320883E-002  0.54993320036887672     
   6.0120240480960874E-002  0.64593134929329599     
  0.10020040080160264       0.73145240802842193     
  0.14028056112224441       0.80262871926389256     
  0.18036072144288617       0.85858747190222284     
  0.22044088176352616       0.90064472610696700     
  0.26052104208416793       0.93119616159659513     
  0.30060120240480970       0.95284499217739560     
  0.34068136272544969       0.96791680070591912     
  0.38076152304609145       0.97828112183418370     
  0.42084168336673322       0.98534798267975487     
  0.46092184368737499       0.99013861610995080     
  0.50100200400801498       0.99337343466855432     
  0.54108216432865675       0.99555190631143076     
  0.58116232464929851       0.99701636029470730     
  0.62124248496994028       0.99799963820022475     
  0.66132264529058027       0.99865930621127674     
  0.70140280561122204       0.99910162845806882     
  0.74148296593186380       0.99939810751984981     
  0.78156312625250379       0.99959678254915973     
  0.82164328657314556       0.99972989586991812     
  0.86172344689378733       0.99981907272672965     
  0.90180360721442909       0.99987881076019158     
  0.94188376753506908       0.99991882626732698     
  0.98196392785571085       0.99994562976204737     
   1.0220440881763526       0.99996358308885569     
   1.0621242484969944       0.99997560828120646     
   1.1022044088176344       0.99998366271151351     
   1.1422845691382761       0.99998905750400557     
   1.1823647294589179       0.99999267087648136     
   1.2224448897795579       0.99999509106628992     
   1.2625250501001997       0.99999671207466356     
   1.3026052104208414       0.99999779780134146     
   1.3426853707414832       0.99999852500385589     
   1.3827655310621232       0.99999901207227870     
   1.4228456913827650       0.99999933830265975     
   1.4629258517034067       0.99999955680631947     
   1.5030060120240485       0.99999970315639430     
   1.5430861723446885       0.99999980117920040     
   1.5831663326653302       0.99999986683321351     
   1.6232464929859720       0.99999991080715556     
   1.6633266533066120       0.99999994026015337     
   1.7034068136272538       0.99999995998726976     
   1.7434869739478955       0.99999997320015588     
   1.7835671342685373       0.99999998204992180     
   1.8236472945891773       0.99999998797734391     
   1.8637274549098191       0.99999999194743017     
   1.9038076152304608       0.99999999460652611     
   1.9438877755511026       0.99999999638754322     
   1.9839679358717426       0.99999999758043812     
   2.0240480961923843       0.99999999837941878     
   2.0641282565130261       0.99999999891456226     
   2.1042084168336661       0.99999999927299243     
   2.1442885771543079       0.99999999951306262     
   2.1843687374749496       0.99999999967385778     
   2.2244488977955914       0.99999999978155540     
   2.2645290581162314       0.99999999985368948     
   2.3046092184368732       0.99999999990200372     
   2.3446893787575149       0.99999999993436384     
   2.3847695390781567       0.99999999995603805     
   2.4248496993987967       0.99999999997055511     
   2.4649298597194385       0.99999999998027822     
   2.5050100200400802       0.99999999998679079     
   2.5450901803607202       0.99999999999115263     
   2.5851703406813620       0.99999999999407430     
   2.6252505010020037       0.99999999999603095     
   2.6653306613226455       0.99999999999734168     
   2.7054108216432855       0.99999999999821942     
   2.7454909819639273       0.99999999999880740     
   2.7855711422845690       0.99999999999920131     
   2.8256513026052090       0.99999999999946509     
   2.8657314629258508       0.99999999999964162     
   2.9058116232464926       0.99999999999975997     
   2.9458917835671343       0.99999999999983924     
   2.9859719438877743       0.99999999999989231     
   3.0260521042084161       0.99999999999992784     
   3.0661322645290578       0.99999999999995159     
   3.1062124248496996       0.99999999999996758     
   3.1462925851703396       0.99999999999997824     
   3.1863727454909814       0.99999999999998557     
   3.2264529058116231       0.99999999999999023     
   3.2665330661322631       0.99999999999999356     
   3.3066132264529049       0.99999999999999556     
   3.3466933867735467       0.99999999999999711     
   3.3867735470941884       0.99999999999999800     
   3.4268537074148284       0.99999999999999867     
   3.4669338677354702       0.99999999999999911     
   3.5070140280561120       0.99999999999999933     
   3.5470941883767537       0.99999999999999956     
   3.5871743486973937       0.99999999999999978     
   3.6272545090180355       0.99999999999999978     
   3.6673346693386772       0.99999999999999978     
   3.7074148296593172        1.0000000000000000     
   3.7474949899799590        1.0000000000000000     
   3.7875751503006008        1.0000000000000000     
   3.8276553106212425        1.0000000000000000     
   3.8677354709418825        1.0000000000000000     
   3.9078156312625243        1.0000000000000000     
   3.9478957915831661        1.0000000000000000     
   3.9879759519038078        1.0000000000000000     
   4.0280561122244478        1.0000000000000000     
   4.0681362725450896        1.0000000000000000     
   4.1082164328657313        1.0000000000000000     
   4.1482965931863713        1.0000000000000000     
   4.1883767535070131        1.0000000000000000     
   4.2284569138276549        1.0000000000000000     
   4.2685370741482966        1.0000000000000000     
   4.3086172344689366        1.0000000000000000     
   4.3486973947895784        1.0000000000000000     
   4.3887775551102202        1.0000000000000000     
   4.4288577154308619        1.0000000000000000     
   4.4689378757515019        1.0000000000000000     
   4.5090180360721437        1.0000000000000000     
   4.5490981963927855        1.0000000000000000     
   4.5891783567134254        1.0000000000000000     
   4.6292585170340672        1.0000000000000000     
   4.6693386773547090        1.0000000000000000     
   4.7094188376753507        1.0000000000000000     
   4.7494989979959907        1.0000000000000000     
   4.7895791583166325        1.0000000000000000     
   4.8296593186372743        1.0000000000000000     
   4.8697394789579160        1.0000000000000000     
   4.9098196392785560        1.0000000000000000     
   4.9498997995991978        1.0000000000000000     
   4.9899799599198396        1.0000000000000000     
   5.0300601202404795        1.0000000000000000     
   5.0701402805611213        1.0000000000000000     
   5.1102204408817631        1.0000000000000000     
   5.1503006012024048        1.0000000000000000     
   5.1903807615230448        1.0000000000000000     
   5.2304609218436866        1.0000000000000000     
   5.2705410821643284        1.0000000000000000     
   5.3106212424849701        1.0000000000000000     
   5.3507014028056101        1.0000000000000000     
   5.3907815631262519        1.0000000000000000     
   5.4308617234468937        1.0000000000000000     
   5.4709418837675337        1.0000000000000000     
   5.5110220440881754        1.0000000000000000     
   5.5511022044088172        1.0000000000000000     
   5.5911823647294590        1.0000000000000000     
   5.6312625250500989        1.0000000000000000     
   5.6713426853707407        1.0000000000000000     
   5.7114228456913825        1.0000000000000000     
   5.7515030060120242        1.0000000000000000     
   5.7915831663326642        1.0000000000000000     
   5.8316633266533060        1.0000000000000000     
   5.8717434869739478        1.0000000000000000     
   5.9118236472945878        1.0000000000000000     
   5.9519038076152295        1.0000000000000000     
   5.9919839679358713        1.0000000000000000     
   6.0320641282565113        1.0000000000000000     
   6.0721442885771530        1.0000000000000000     
   6.1122244488977948        1.0000000000000000     
   6.1523046092184366        1.0000000000000000     
   6.1923847695390783        1.0000000000000000     
   6.2324649298597201        1.0000000000000000     
   6.2725450901803583        1.0000000000000000     
   6.3126252505010001        1.0000000000000000     
   6.3527054108216419        1.0000000000000000     
   6.3927855711422836        1.0000000000000000     
   6.4328657314629254        1.0000000000000000     
   6.4729458917835672        1.0000000000000000     
   6.5130260521042089        1.0000000000000000     
   6.5531062124248507        1.0000000000000000     
   6.5931863727454889        1.0000000000000000     
   6.6332665330661307        1.0000000000000000     
   6.6733466933867724        1.0000000000000000     
   6.7134268537074142        1.0000000000000000     
   6.7535070140280560        1.0000000000000000     
   6.7935871743486977        1.0000000000000000     
   6.8336673346693395        1.0000000000000000     
   6.8737474949899777        1.0000000000000000     
   6.9138276553106195        1.0000000000000000     
   6.9539078156312613        1.0000000000000000     
   6.9939879759519030        1.0000000000000000     
   7.0340681362725448        1.0000000000000000     
   7.0741482965931866        1.0000000000000000     
   7.1142284569138283        1.0000000000000000     
   7.1543086172344665        1.0000000000000000     
   7.1943887775551083        1.0000000000000000     
   7.2344689378757501        1.0000000000000000     
   7.2745490981963918        1.0000000000000000     
   7.3146292585170336        1.0000000000000000     
   7.3547094188376754        1.0000000000000000     
   7.3947895791583171        1.0000000000000000     
   7.4348697394789589        1.0000000000000000     
   7.4749498997995971        1.0000000000000000     
   7.5150300601202389        1.0000000000000000     
   7.5551102204408807        1.0000000000000000     
   7.5951903807615224        1.0000000000000000     
   7.6352705410821642        1.0000000000000000     
   7.6753507014028060        1.0000000000000000     
   7.7154308617234477        1.0000000000000000     
   7.7555110220440859        1.0000000000000000     
   7.7955911823647277        1.0000000000000000     
   7.8356713426853695        1.0000000000000000     
   7.8757515030060112        1.0000000000000000     
   7.9158316633266530        1.0000000000000000     
   7.9559118236472948        1.0000000000000000     
   7.9959919839679365        1.0000000000000000     
   8.0360721442885747        1.0000000000000000     
   8.0761523046092165        1.0000000000000000     
   8.1162324649298583        1.0000000000000000     
   8.1563126252505000        1.0000000000000000     
   8.1963927855711418        1.0000000000000000     
   8.2364729458917836        1.0000000000000000     
   8.2765531062124253        1.0000000000000000     
   8.3166332665330671        1.0000000000000000     
   8.3567134268537053        1.0000000000000000     
   8.3967935871743471        1.0000000000000000     
   8.4368737474949889        1.0000000000000000     
   8.4769539078156306        1.0000000000000000     
   8.5170340681362724        1.0000000000000000     
   8.5571142284569142        1.0000000000000000     
   8.5971943887775559        1.0000000000000000     
   8.6372745490981941        1.0000000000000000     
   8.6773547094188359        1.0000000000000000     
   8.7174348697394777        1.0000000000000000     
   8.7575150300601194        1.0000000000000000     
   8.7975951903807612        1.0000000000000000     
   8.8376753507014030        1.0000000000000000     
   8.8777555110220447        1.0000000000000000     
   8.9178356713426830        1.0000000000000000     
   8.9579158316633247        1.0000000000000000     
   8.9979959919839665        1.0000000000000000     
   9.0380761523046083        1.0000000000000000     
   9.0781563126252500        1.0000000000000000     
   9.1182364729458918        1.0000000000000000     
   9.1583166332665336        1.0000000000000000     
   9.1983967935871753        1.0000000000000000     
   9.2384769539078135        1.0000000000000000     
   9.2785571142284553        1.0000000000000000     
   9.3186372745490971        1.0000000000000000     
   9.3587174348697388        1.0000000000000000     
   9.3987975951903806        1.0000000000000000     
   9.4388777555110224        1.0000000000000000     
   9.4789579158316641        1.0000000000000000     
   9.5190380761523024        1.0000000000000000     
   9.5591182364729441        1.0000000000000000     
   9.5991983967935859        1.0000000000000000     
   9.6392785571142277        1.0000000000000000     
   9.6793587174348694        1.0000000000000000     
   9.7194388777555112        1.0000000000000000     
   9.7595190380761530        1.0000000000000000     
   9.7995991983967912        1.0000000000000000     
   9.8396793587174329        1.0000000000000000     
   9.8797595190380747        1.0000000000000000     
   9.9198396793587165        1.0000000000000000     
   9.9599198396793582        1.0000000000000000     
   10.000000000000000        1.0000000000000000     
