  -3.8203670987520866E-002
  0.25102037735972260     
 -0.48229544303244154     
  0.56581834958415200     
   6.4665522019463850E-002
 -0.15009583561391437     
  0.96874998949989966     
   6.7052030161232068E-002
 -0.79122330075294656     
  0.53657550451599434     
  -2.8403889413324279E-002
  -1.3890615954485241     
  0.48844907050471775     
  -5.1356445316253385E-002
 -0.79770484273143794     
 -0.56558609685365013     
 -0.43931940864290908     
 -0.87113440982418844     
 -0.21378079232744085     
  0.31989632708573978     
   1.5416722768260254     
  -1.3945176304211770E-002
  -9.7624954398972008E-002
 -0.29927069060950551     
   6.7113298962020451E-002
  0.16091342134787112     
 -0.33401466665924318     
  0.22074541336708542     
  0.26294824043955956     
  0.42114766599286746     
  -6.0219389236046084E-002
 -0.55966996843093142     
  0.18654148836931839     
   2.8854539158782444E-002
 -0.71563080774513210     
 -0.31095794707925251     
  0.41568634441758334     
 -0.51987792810029809     
  0.60405501004011697     
 -0.37772682095807752     
  0.38137426469677749     
  0.26943262323958450     
   2.8350150669783858E-002
 -0.85324934025382504     
  -8.4084295463854986E-002
  -4.0335073860621407E-002
  0.59367122553384100     
  0.69174826902426645     
 -0.32966403734153005     
   5.9000283965829681E-002
  0.53046066831982586     
 -0.72115744293270367     
  -4.5051747157987876E-002
  0.12985418303032148     
 -0.39750962200856321     
  0.24636143409989764     
  0.24726044871335162     
 -0.27096401094408584     
 -0.42661723238779636     
 -0.16901037733341617     
 -0.11540284996532435     
  0.96736192988601921     
 -0.19242024044608996     
 -0.29852100694877848     
 -0.75517268512220248     
 -0.29662488871800008     
  0.20689560615739566     
 -0.76693832727117695     
  -9.1874427681943871E-002
 -0.35756238782359517     
 -0.53048253787530975     
 -0.80590871954156640     
  0.14121726052228922     
 -0.81821027692647696     
  -8.9236377665642408E-003
 -0.19295484789625306     
  -9.4524982280246306E-002
  0.63013894889597744     
 -0.13918263662181296     
 -0.20179474179346002     
  0.32080261468647109     
 -0.44072242463527367     
  0.43749136137811995     
 -0.67124683388498596     
  -5.5189866667522125E-002
   1.3158123622358975     
  0.58596035456822548     
  0.56126112461102196     
  0.88004532653143386     
  -4.5701945390774767E-002
  0.45111792097998027     
 -0.54113421933180739     
  0.32875170192452963     
  0.74491292358048078     
 -0.48773518497516122     
 -0.29020095554133363     
 -0.90096060282656154     
  0.17722431852295628     
 -0.46032058020921518     
 -0.18645189349278013     
 -0.27176067101660450     
  -6.9225161084734310E-002
  0.26809459913300060     
 -0.70682131182135244     
  0.22245386649861310     
  0.25183461997902867     
  0.35274960325424232     
 -0.44748116262332438     
 -0.14461864577055827     
  0.21765165851755697     
 -0.66399961980166466     
  0.67622776635391801     
  0.11659397958250395     
  -1.6732818397413514     
 -0.45720587668413515     
 -0.83981852732008022     
   7.6001203192241462E-002
  0.15310336414441750     
 -0.54388729808927572     
  0.15773978222562590     
  0.25258667050132466     
 -0.23126536216545368     
  0.41226567984871387     
  0.18149560755785643     
 -0.27503782009926780     
  0.47499603161930359     
  0.89373828109026654     
 -0.55558318316183275     
   1.0536703126833391     
 -0.48413862650340533     
 -0.11348562306040755     
 -0.10279588746308832     
 -0.38579266897229658     
 -0.82110137063486732     
 -0.19048534809206608     
  0.52362294822675182     
 -0.26856811071525932     
  0.82608768783432218     
 -0.20724420639853314     
  0.28408262911234772     
  -4.8669897474544754E-002
 -0.12541723413091432     
  0.58801110324284878     
 -0.41911413414143617     
  0.57013551866888612     
  0.31311807564329186     
  0.20336300817730368     
 -0.21678791609696546     
  -6.2164485563593885E-002
  0.31649921284032700     
 -0.17979973412885997     
 -0.25948644890247330     
 -0.23602611586266597     
  0.33282476967562324     
  0.12733632755423940     
  0.32684114062909941     
 -0.48099651927756959     
  -7.3884804193369291E-003
  0.73648388452128088     
  0.23611355690162483     
  0.31053483112449953     
 -0.17505158515247388     
  0.57358355405568417     
  -1.0165225832688147     
 -0.45469935438344322     
  0.24986607317932830     
 -0.60362390634128360     
  -9.8412940902264268E-002
  0.36193538225063904     
  0.18767687554896106     
  0.63205738445638993     
   4.4228025249800851E-002
  0.56710333058997797     
  0.23245749860725695     
  0.15392074062364003     
 -0.30331664679476056     
  0.45823711502014675     
  0.67018178006259532     
 -0.62271045323345575     
 -0.20713702685498347     
 -0.14486564964394688     
 -0.30162700949762211     
  0.82006236397991827     
  0.23715489962179959     
  -2.1604818543890403E-002
  0.65434336989719455     
  0.72598568679769926     
  0.27878959033102646     
  0.20668150192849843     
 -0.70905491096403317     
  -9.4046907584793615E-002
  0.25930426827837394     
 -0.62430688540193024     
 -0.16896115694752645     
  0.15799939502640115     
  0.77782795121823867     
  0.30105593080917536     
 -0.36560079776961274     
  -1.0165724262372926     
 -0.74329421137351481     
 -0.56595029924733709     
   1.1645054608712186     
 -0.23883558834252838     
 -0.56406304986778011     
   8.1415281373441672E-002
  0.48625943645176584     
 -0.47176275050961713     
 -0.15447493173931903     
  0.40989904932999721     
  0.12042628547391843     
  -3.0367833504858055E-002
 -0.75872264614377727     
 -0.47190687084487770     
 -0.41009463177072725     
 -0.30525988188884412     
  0.17857844586338167     
 -0.10512588359054575     
  0.10469844459651867     
 -0.24263449234450896     
  0.36763020658367118     
 -0.68034604657755615     
  0.20408459883318031     
  0.13597622444756396     
 -0.49348674902910261     
  0.37031994736295104     
  -4.8745007656588513E-002
 -0.46654761536839473     
  0.74967257957449718     
 -0.78790150176281593     
  0.58845400144951476     
  0.57800445929942867     
 -0.11325795592883559     
  -8.5922177698185109E-002
 -0.58920415476715959     
 -0.26342253846410202     
  0.35284023447218615     
  0.29051016343514924     
  0.12591954216400936     
  0.13078251756793691     
  0.39696422520199093     
  0.76977849557355427     
 -0.27220851484930364     
 -0.22753174769806961     
   7.4055924062195189E-002
 -0.22638636406701451     
  0.31663952323875044     
  0.47288311848898346     
 -0.68069915036273621     
 -0.60408499371923874     
 -0.37808210442825718     
  0.14933482860811687     
 -0.18474583294511682     
  0.19512680791868142     
 -0.70063338999850799     
  -3.6764107964961212E-002
 -0.17639285353902245     
 -0.82027243080408319     
   8.8398370279511695E-002
 -0.16803641023633631     
  0.33322138782874156     
  0.16514493239089845     
 -0.34102953709970052     
   1.4833453832961148     
 -0.27246187583110881     
  0.33449446486825707     
 -0.62745820098625416     
 -0.24689971923429610     
  0.33004798701325555     
 -0.51043724928370082     
  0.24919806887244533     
   2.4634880284127192E-002
  0.74313009490339965     
  0.47392775148411559     
 -0.52295199626234457     
  0.93019245037894294     
 -0.29482788655743164     
  0.12187457913704591     
  0.71586196515213629     
  0.41891627872926485     
  0.14906853743614157     
  -7.5385182795400851E-002
  0.39277216796321568     
   2.5112860903597323E-002
 -0.93218294729767237     
  0.65590781585903457     
 -0.49598411141505849     
  0.17398514753031691     
  0.19843148677459155     
   4.0881604956924278E-002
  0.26876251298770981     
   1.2170709892950899     
   8.8915587581265498E-002
  0.55879616185023728     
  0.30316242791860049     
  0.40348006835083261     
  0.36780306626369352     
  0.15923350688692750     
 -0.15697619156918918     
  0.39346959341902732     
 -0.65158318123476988     
 -0.21024947485033607     
  0.76970565554519865     
 -0.44440365815054683     
  -1.0387175437114529     
  0.11876056452986816     
 -0.15057055417005927     
 -0.94136158394165115     
  0.46555394189547350     
 -0.33559303710073429     
  -1.3222393374776011     
 -0.64481725816092705     
  0.10432683834662981     
 -0.14805137561469550     
 -0.73306450924606281     
  0.12569161258283046     
  0.45642719434704304     
  0.46849846096627701     
 -0.12680862509916224     
  0.43262959832521730     
  -8.3882329709851433E-002
 -0.48607570256842791     
  0.47386425382398834     
  0.67189221916982333     
 -0.44241168326975888     
 -0.39157414295186399     
 -0.20115368890167673     
 -0.42916406726228651     
  -9.5965669006217169E-002
 -0.15925314335238028     
  0.45408533602835632     
 -0.94047234370547805     
 -0.64247272629643071     
   1.7547003413314499E-002
   3.5662702087158493E-002
 -0.13527976974132727     
 -0.52417587705979685     
 -0.14332513551744874     
 -0.27025670361436482     
  0.31721051718787585     
  -1.4909992261753047E-002
  0.32795078152140533     
 -0.95604221772074105     
 -0.13350506438097831     
 -0.23015497295567577     
 -0.26990762573934113     
 -0.49255836915723350     
  -2.5945151474564554E-002
 -0.27926501668444637     
 -0.33393893603161828     
   5.7917252982189638E-002
  0.27452846320731972     
 -0.15083009594846430     
  0.20882904504959043     
 -0.59929357695021324     
  0.52510762674499034     
  0.73031610003972780     
 -0.46926030561724019     
  0.74096550134416361     
  0.27839923070050965     
  0.48001604383541974     
  0.49507388664104113     
   6.0618282723748251E-002
  0.65366491189746512     
 -0.76517223575618232     
  0.79536958469757835     
  0.69319857911044380     
  0.52138890617326794     
 -0.86846070876169357     
  -1.5165510231504697E-002
  0.41543922058523819     
  0.19723664039607769     
 -0.67258350474413930     
 -0.44994774884561117     
 -0.12696299996652449     
  0.31228968457202022     
 -0.71746873721742332     
 -0.26216193323800496     
 -0.82870439622711167     
 -0.61406638244214840     
 -0.21863977811097435     
  0.15592088904559098     
 -0.45875077288056509     
  0.85358029290942028     
  0.29774537471930529     
 -0.73147765978624335     
 -0.88348500702711874     
  -1.5411618385661185E-002
  0.68537353664327938     
  0.53065720771733993     
  0.68900092209904074     
  -7.1757565185578187E-002
  0.62088503096017789     
   1.0197772410051584     
 -0.42308898937771389     
 -0.52588112940747678     
  0.29798204789750926     
  0.64741322781016564     
 -0.59219080647165079     
  0.57079219639076761     
  -2.2295535245289599E-002
 -0.77641728763636308     
 -0.22081696281254004     
 -0.89624285506952184     
 -0.82539464488739966     
  0.39630945529697037     
 -0.55900742690464256     
  0.54179493004953372     
 -0.26823218656905823     
 -0.81839767057206103     
  0.36376855297421962     
  -7.3861089705474114E-002
  0.62470487122012308     
  0.29750332043914796     
   4.0869534778327221E-003
 -0.72255273488615224     
 -0.46649138133797230     
  0.45390677426616222     
  0.10400552549710085     
  0.14986695318614451     
 -0.84438122899664059     
 -0.33938749109254651     
  0.45638324813594977     
  0.19804861984922262     
   1.0445513670297739     
 -0.23576647300556886     
  0.18540074068047119     
 -0.15765427030483536     
 -0.11514797807851096     
 -0.13070274456855202     
  -4.6239626952800705E-002
 -0.11018931798732012     
  -7.4672730078827243E-002
  0.57443300048083046     
 -0.54117769545064931     
  0.56583141651549163     
  0.27202551798997732     
  0.67032445354844583     
   2.0427329200147781E-002
  0.20118125889380778     
 -0.40769455756795203     
 -0.38752184850649130     
  0.16916040461210713     
 -0.13276443652230618     
  -9.8102736787851086E-002
 -0.46011145783504759     
  0.11810375539180917     
  0.35373035684786558     
  0.32802102898115315     
 -0.55601872531191887     
  0.45432310952378607     
  0.31080073798246666     
 -0.81147963541897461     
 -0.12968320032872960     
  0.43725210288999783     
 -0.34085440016029800     
  0.61170733896732798     
  0.63710067862576025     
  0.33513734536311190     
 -0.10676336144012133     
 -0.25412098771256275     
   2.0161085977864701E-002
  0.40315206379976232     
  0.64257610725925574     
 -0.35141588562739479     
 -0.11781334245345931     
 -0.27184085747292386     
   3.9575693550759183E-002
  0.19445932694786805     
  0.19855101127905073     
 -0.16553826117104364     
 -0.14482213497916163     
 -0.14099399668629431     
 -0.12195514147869169     
  0.41229244673436405     
  -2.8090724773214504E-002
  0.62281018638211272     
 -0.23867233343147021     
 -0.10999031986338004     
  -6.8669246669710304E-003
 -0.41793403098672499     
  0.75280990370825585     
  0.46778855651439066     
  0.84036766569939481     
  0.44518517860621820     
   1.2150640663536745     
  0.65821572565255693     
  0.20762560811606434     
  0.65882040453895385     
  0.11114901546721967     
   1.2617754156845002     
 -0.23970255810746721     
   8.9831778104787929E-002
  0.46336067267008296     
 -0.35613970541831108     
   8.5639583630658933E-003
   1.0193264451346646     
  0.31382182675935155     
  -4.0000445522558437E-002
   4.0758550026884777E-002
 -0.23991317073125273     
  0.48656558979147846     
 -0.53448643680500041     
  0.47997148048526483     
 -0.93103047589248966     
  0.13280078397951378     
   1.0203864183261899     
 -0.59321333222265515     
  0.34981091811833842     
  -1.3081278654496487E-003
  0.59759924869769954     
  0.30016608268443257     
 -0.20988451705282785     
  0.33206297041723687     
 -0.79516994994829737     
  0.87971017205634539     
  0.16194817596119293     
  0.69884987686222644     
 -0.17418817018618249     
  0.71708183940753401     
  0.18481440100190305     
  0.11815550954913689     
 -0.34954088430733776     
  0.43888662328943084     
  0.26585661906440805     
   1.0608630328265392     
  0.79565619926724551     
 -0.48315901675670503     
  0.34274953096714356     
   1.5934907162491196     
  0.57944747494637383     
 -0.14872304468508446     
   5.8468157682140642E-002
  0.60938507488193849     
 -0.85731558753088066     
 -0.41138597589553960     
  0.46194030459927937     
 -0.12304114158301971     
   1.2486928411356590     
 -0.66690898867920900     
  -3.4321860586835840E-002
  0.58040252776921619     
  0.75022530700177548     
 -0.50806743409990673     
 -0.25948531625772731     
 -0.50251237965547446     
  0.78098427116285229     
  -1.3528130258321767     
  0.46608601468583544     
 -0.95472749929495393     
 -0.33064418945283514     
 -0.19879938437498090     
   9.2471610117268455E-003
 -0.21885244243994961     
  -7.4884320493151080E-002
  0.19345276070110629     
  0.30184180815952644     
  0.63367967979411866     
 -0.72165435862182825     
 -0.51491821792611070     
 -0.14175531994712287     
  0.20891976123248668     
 -0.14357519810538832     
 -0.76815368800907713     
  0.36820494296413031     
 -0.51153981631432899     
  0.28451924452452104     
   3.2375170134573139E-002
 -0.35255531272026630     
 -0.63356460473028164     
 -0.24813930187244182     
  0.20718947901524665     
 -0.25795889837029584     
 -0.95795290763252794     
  -1.6012045266455299     
  -6.4743806019784245E-002
 -0.23934802028299451     
  -1.8775712881014428E-002
 -0.17920000869551878     
 -0.56766948095587821     
 -0.51567845559249825     
 -0.15336163521942403     
 -0.45599714305557271     
  0.17922815278451765     
 -0.51134011676492896     
  0.25036694313572205     
  -1.5120726160899149     
 -0.57627879558700812     
  0.59987865544280972     
 -0.19430806323961214     
 -0.28324799965225189     
 -0.16134933741764179     
  0.12936670654472593     
  -8.9907933229946835E-002
  0.18151235949569866     
  0.77556521976255866     
  0.28141078417768028     
   8.3736152488931737E-002
  0.61800749097757190     
 -0.38476262228833136     
 -0.30485109629658957     
  0.82610511273869491     
  0.26273678079465412     
 -0.27632442182423489     
  -2.3050061471279193E-002
  0.11136867990058619     
  -8.7545234052011978E-002
 -0.22475524457813911     
  0.59043894458661761     
  -9.1617361815483633E-003
  0.45054478355423377     
 -0.43549826563928562     
 -0.75237149642030943     
  0.48872080803018747     
   6.2645688858207649E-002
  0.23278194346010395     
 -0.70050830749374882     
  0.73392296870485474     
 -0.51020741504746780     
  0.71118860281411500     
  -6.7915794642402716E-002
  -5.2112641157842532E-002
 -0.57022056862108883     
  0.19511963438016977     
  -4.1368226087449500E-002
  0.63939574630271423     
 -0.19199126527152188     
 -0.20249354544685616     
  0.45444467397515176     
  -7.7330744089255887E-002
 -0.67257532471044534     
   4.9201558741421181E-002
  -1.4652390209386468E-002
 -0.54112216847343575     
  0.38392440392442317     
  0.13871358935016787     
 -0.69546246082381025     
  0.83397225712435130     
  0.59981957433780586     
 -0.13972489743714434     
   3.7251593235280822E-002
  0.37892812910367724     
 -0.34080582465584541     
 -0.20776840593421397     
  0.29603645126753797     
 -0.23236848862889836     
 -0.84934829838380210     
  0.36724610696965421     
 -0.39524292904890501     
 -0.58862676161087180     
 -0.69731274567561741     
 -0.94974878053243295     
  0.22957948876644707     
  0.43722586654499729     
 -0.24506295293213576     
  0.34400166665141718     
  0.33978497444670808     
  -1.2796680624643830     
   1.0357813292874631     
  0.89756319102588478     
  0.33394172129603916     
   1.7865615030521198E-002
 -0.71144363092437324     
  0.92522928320917686     
 -0.63828031679415176     
 -0.47675096434283404     
 -0.17281575856882903     
  -8.4858571176219755E-002
 -0.58500843469850494     
  0.29821779474722199     
  0.57423234493052533     
  0.88350645497760638     
  0.11098389483436222     
   4.7647889087778950E-002
 -0.41708343944790371     
 -0.92583965700585935     
 -0.32330617814738360     
  -8.8345693422571259E-002
 -0.38676143418532583     
  0.23928035939187176     
  0.21432152103503022     
  0.74653389200507192     
  -6.3720453853850501E-002
  0.48111695764232465     
   1.1502679578770270E-002
  0.36648734192654864     
   1.0701889365110517     
  0.34668061704450182     
 -0.22880228266594216     
 -0.30954683303280994     
 -0.69326203734266834     
 -0.17738159722313185     
  0.52956507121944796     
  0.18396040605273178     
  0.44317213047916404     
  -3.5833118788515250E-002
  0.34672229329951776     
 -0.69658183296800047     
  0.46092379348499435     
  -7.3162826710458262E-002
 -0.36914018356973166     
  0.38663977672843508     
  0.18860756091025443     
 -0.10931808592737013     
 -0.43763058940414368     
 -0.14740366784719861     
  0.29301754020150383     
  0.64385227127124089     
  0.41670847871072958     
  0.29958651461877750     
  0.36593409001703847     
 -0.31517470727979813     
 -0.48929099523778419     
  -8.4658242519047633E-002
 -0.88285745694867757     
  -8.2772422706812065E-002
   4.6660231056650403E-002
 -0.76166368331895562     
  0.99270944875765643     
  0.45366650632670869     
 -0.29714013915244664     
 -0.36402096007840967     
   7.0262424989822492E-002
  -3.2237896388227938E-002
  0.18626800013749190     
  -7.2051724947531426E-002
 -0.13183871418734050     
 -0.71627743842382685     
 -0.92047300149991251     
 -0.41635850743088554     
  0.60430900806636245     
 -0.71742779296886106     
 -0.26685745170654762     
  0.37050214103732770     
 -0.20815623241621495     
  0.24141922196929677     
  0.36007359408307238     
 -0.14234008379765228     
 -0.77594736446271462     
 -0.95905388698888494     
 -0.99496817773593094     
  0.30181084281950277     
  0.54865576461404686     
  0.21452478550105525     
  0.30978764910436496     
  -2.4607948818719194E-002
   5.4464838275267269E-002
  -1.0387190862575721     
 -0.43683318564453089     
 -0.28287261466672220     
  0.33189838337559507     
 -0.16698045626162639     
 -0.71065321997084929     
  0.73601635284181732     
  0.18634818173420875     
 -0.47735002799426596     
 -0.20648663114224775     
  0.33268838846846549     
 -0.74064409746651805     
  0.22759640777154466     
   1.8838600195143940E-002
 -0.64220035014848165     
 -0.66880920136303601     
   5.7741549193082164E-002
  0.52859757591930645     
  0.33415878371514651     
  -2.7361864902426092E-002
  0.30260658154061204     
 -0.30837274610898646     
  0.39233268433052793     
 -0.50106563788785152     
 -0.59386724872011598     
  0.22233183886656960     
 -0.19366073499187841     
 -0.64816439824345373     
   5.5042711696717816E-003
 -0.11695409528947032     
   4.8398170151003228E-002
  0.40918381165022488     
 -0.54357025055128005     
 -0.30901214151944956     
  0.19207836250409471     
 -0.26803122241329014     
 -0.18190947144399949     
  0.26457945920405379     
  0.13303066157351218     
  0.31214015676652807     
   2.9632534690122725E-003
 -0.49135254100077397     
 -0.56164863945252286     
 -0.45124136199022402     
 -0.19727007149581688     
  -1.4296302588007848E-002
 -0.12765964718386691     
  0.29133282715406317     
  -3.5507225572979806E-002
 -0.62918795698424290     
 -0.65387225054284137     
 -0.52389678110357174     
  0.57894150534727018     
 -0.40675928100043457     
  0.74165533915854276     
 -0.49747183905392234     
 -0.10368812757923074     
 -0.67366792434526701     
 -0.29812579540972983     
 -0.86664026949525130     
 -0.43288783652392482     
  -7.4270026034090719E-002
 -0.14081779265766592     
  0.50863416972368825     
 -0.58488014430093038     
  0.38172691949280235     
  0.28719472703895832     
  0.76235064311750911     
  0.64640484979864077     
  0.54608766014433208     
  0.43894580169400044     
  0.29670340038612153     
 -0.25321769704235209     
  0.15918237908190314     
   4.8564142000433463E-003
 -0.47298061751091325     
  0.11495104174372983     
  0.44749650419761089     
 -0.49374428332095022     
  0.24172758978127362     
  0.22933373464911000     
 -0.26029038436242402     
 -0.72903755122951885     
  -6.0671728127879021E-002
  0.61741841264207764     
 -0.37592678017854375     
  0.16567930228941030     
  0.12812757452045531     
 -0.17355247555002862     
 -0.46758993061109777     
  0.12401532782456037     
  0.43000341838846268     
  -2.3669139625962288E-002
  0.82364347588116260     
 -0.75320629849251830     
  0.28321136475650377     
 -0.91568713089568021     
  0.42511138375282975     
  0.60154807362869533     
 -0.16287467405362399     
  0.67007959201439427     
  -3.8999275003456901E-002
 -0.75002228982642372     
  0.43542129144134201     
 -0.62792159700097017     
   1.0007251082970399     
  -2.8576947601212765E-002
  0.31208020305967565     
  0.35193510112142334     
 -0.20743661858164053     
   9.0969531616671873E-002
  -3.2751899217519309E-002
 -0.61506388601389261     
  0.64851655139086084     
  0.47913584603749015     
  0.57647341495651538     
 -0.47307550430754475     
  0.75471337126068150     
 -0.31937730177095958     
  0.37463717494820159     
  0.18342281370813041     
 -0.43055495932223664     
   1.5469394779223933E-003
   8.3637935201501534E-002
 -0.35197969590152312     
  0.63151337973760668     
  -1.3587376488166214E-002
   1.1689160599430117     
  -7.1802211354278000E-002
  0.56263414495928288     
 -0.45600272974847655     
 -0.15503107336204458     
   1.1032281394657630     
   2.0885569113222147E-002
 -0.19644002316213438     
 -0.60026737936274088     
  0.64653452202307271     
 -0.18840701925772052     
  0.38736487785399376     
  0.22051156008637562     
 -0.91189590003422971     
 -0.59631477701662661     
  -1.1831331685040354     
  -5.3707179648334602E-003
 -0.47491656982018426     
 -0.38492221204597499     
  0.22334208681432344     
 -0.26022930450925585     
   6.8397818779864394E-002
  0.16008973701947582     
 -0.46657690586579292     
 -0.22236746965589127     
 -0.81187855754334670     
 -0.51648426633923883     
  0.23919783935957462     
  0.92760437927431205     
 -0.22471288655758137     
   3.6589971673688382E-002
  0.75454223726771197     
 -0.68238033978922630     
  0.82350307845450743     
  0.15104935645381445     
 -0.44422446807251603     
 -0.20855135334364050     
  0.72552781186060677     
 -0.41660584056250727     
 -0.32152434718847722     
  0.19972056704283858     
 -0.19280543486147828     
  0.38549141036320478     
 -0.60161504069282046     
   3.8605351547840172E-002
  0.22234206213127905     
   4.8626610145863225E-003
   9.0740021679998506E-002
  0.13974544653587451     
   1.6962359649959069E-002
 -0.68240842744043739     
  0.21510046512157999     
  0.23894536447517822     
  0.47509251256219009     
 -0.32221606965306471     
 -0.56703189379215146     
 -0.23527366763798518     
 -0.23012046850553602     
 -0.23294232505034529     
  0.60707999730067286     
  0.62623874761274223     
  0.49515077952094444     
  0.36027193432983040     
  0.18338545933637107     
  0.62367921763574330     
 -0.35719097156156820     
  0.63565836275055965     
  0.32832027160263522     
  0.82887175680811609     
   1.1866731788149565E-002
  0.32149302391513856     
 -0.91504530195859068     
   9.0510632913879618E-002
 -0.31285188529639640     
  -5.5221307817204135E-002
 -0.42583064827011441     
  0.34264312026786214     
  0.33264936678195056     
 -0.20855124492936739     
  0.84755144669699511     
  0.36599086187657548     
  0.16125633802001360     
  -1.1722228626091376     
 -0.23579836393178155     
 -0.20819138553351202     
 -0.15230987555417563     
  0.21059527467822470     
  0.18254500459691947     
   8.3845373267372736E-003
  0.10797616260657072     
 -0.36700536833871666     
 -0.36010627377771165     
 -0.29017606609491153     
  -2.6103589050897824E-002
  0.86279554940043468     
  0.45030097171472327     
   7.4353327916158563E-002
 -0.39085516059393477     
  0.52575332002129116     
  0.50517391135876544     
  0.15210766895732775     
  -1.1678164336468768     
  0.69598489720594792     
   1.1445072233056983     
   7.1467187555519729E-002
   6.2810384583935175E-002
  0.18243792592816277     
  -2.2871696903584038E-002
  0.23764081391043845     
  0.33988541613959988     
   7.0627226563932055E-002
 -0.52553461512228239     
  0.67292545263176784     
 -0.31336966635307917     
 -0.11921218914350540     
  0.38511175002282449     
   1.0355360919874723     
 -0.25495924175308105     
   7.1879767627720526E-003
  0.48159775286418061     
 -0.11713708974523840     
  -3.6139782117219355E-002
 -0.48766173952250469     
   9.3090719588142079E-002
  0.24656560572714881     
   5.4073750383604846E-002
 -0.33238654391371725     
